planner_name iteration planning_time_elapsed cost_solution_total cost_solution_revolute cost_solution_prismatic theoretical_cost_total theoretical_cost_revolute theoretical_cost_prismatic
uni_rrt_star 1 0.027535 10000 10000 10000 16.8072 1.12537 16.7695
uni_rrt_star 2 0.0534341 10000 10000 10000 16.8072 1.12537 16.7695
uni_rrt_star 3 0.077148 10000 10000 10000 16.8072 1.12537 16.7695
uni_rrt_star 4 0.100363 10000 10000 10000 16.8072 1.12537 16.7695
uni_rrt_star 5 0.124704 10000 10000 10000 16.8072 1.12537 16.7695
uni_rrt_star 6 0.145434 10000 10000 10000 16.8072 1.12537 16.7695
uni_rrt_star 7 0.168882 10000 10000 10000 16.8072 1.12537 16.7695
uni_rrt_star 8 0.188524 10000 10000 10000 16.8072 1.12537 16.7695
uni_rrt_star 9 0.206535 10000 10000 10000 16.8072 1.12537 16.7695
uni_rrt_star 10 0.231274 10000 10000 10000 16.8072 1.12537 16.7695
uni_rrt_star 11 0.258 10000 10000 10000 16.8072 1.12537 16.7695
uni_rrt_star 12 0.287524 10000 10000 10000 16.8072 1.12537 16.7695
uni_rrt_star 13 0.322889 10000 10000 10000 16.8072 1.12537 16.7695
uni_rrt_star 14 0.346592 10000 10000 10000 16.8072 1.12537 16.7695
uni_rrt_star 15 0.378057 10000 10000 10000 16.8072 1.12537 16.7695
uni_rrt_star 16 0.41078 10000 10000 10000 16.8072 1.12537 16.7695
uni_rrt_star 17 0.433419 10000 10000 10000 16.8072 1.12537 16.7695
uni_rrt_star 18 0.463041 10000 10000 10000 16.8072 1.12537 16.7695
uni_rrt_star 19 0.485131 10000 10000 10000 16.8072 1.12537 16.7695
uni_rrt_star 20 0.518759 10000 10000 10000 16.8072 1.12537 16.7695
uni_rrt_star 21 0.542843 10000 10000 10000 16.8072 1.12537 16.7695
uni_rrt_star 22 0.566564 10000 10000 10000 16.8072 1.12537 16.7695
uni_rrt_star 23 0.601044 10000 10000 10000 16.8072 1.12537 16.7695
uni_rrt_star 24 0.638771 10000 10000 10000 16.8072 1.12537 16.7695
uni_rrt_star 25 0.661586 10000 10000 10000 16.8072 1.12537 16.7695
uni_rrt_star 26 0.686948 10000 10000 10000 16.8072 1.12537 16.7695
uni_rrt_star 27 0.712299 10000 10000 10000 16.8072 1.12537 16.7695
uni_rrt_star 28 0.738086 10000 10000 10000 16.8072 1.12537 16.7695
uni_rrt_star 29 0.760086 10000 10000 10000 16.8072 1.12537 16.7695
uni_rrt_star 30 0.790948 10000 10000 10000 16.8072 1.12537 16.7695
uni_rrt_star 31 0.818802 10000 10000 10000 16.8072 1.12537 16.7695
uni_rrt_star 32 0.844822 10000 10000 10000 16.8072 1.12537 16.7695
uni_rrt_star 33 0.865774 10000 10000 10000 16.8072 1.12537 16.7695
uni_rrt_star 34 0.888355 10000 10000 10000 16.8072 1.12537 16.7695
uni_rrt_star 35 0.910798 10000 10000 10000 16.8072 1.12537 16.7695
uni_rrt_star 36 0.935015 10000 10000 10000 16.8072 1.12537 16.7695
uni_rrt_star 37 0.962425 10000 10000 10000 16.8072 1.12537 16.7695
uni_rrt_star 38 0.994243 10000 10000 10000 16.8072 1.12537 16.7695
uni_rrt_star 39 1.01627 10000 10000 10000 16.8072 1.12537 16.7695
uni_rrt_star 40 1.03879 10000 10000 10000 16.8072 1.12537 16.7695
uni_rrt_star 41 1.07388 10000 10000 10000 16.8072 1.12537 16.7695
uni_rrt_star 42 1.10047 10000 10000 10000 16.8072 1.12537 16.7695
uni_rrt_star 43 1.13438 10000 10000 10000 16.8072 1.12537 16.7695
uni_rrt_star 44 1.16696 10000 10000 10000 16.8072 1.12537 16.7695
uni_rrt_star 45 1.19601 10000 10000 10000 16.8072 1.12537 16.7695
uni_rrt_star 46 1.21804 10000 10000 10000 16.8072 1.12537 16.7695
uni_rrt_star 47 1.24283 10000 10000 10000 16.8072 1.12537 16.7695
uni_rrt_star 48 1.27085 10000 10000 10000 16.8072 1.12537 16.7695
uni_rrt_star 49 1.29262 10000 10000 10000 16.8072 1.12537 16.7695
uni_rrt_star 50 1.33084 10000 10000 10000 16.8072 1.12537 16.7695
uni_rrt_star 51 1.3612 10000 10000 10000 16.8072 1.12537 16.7695
uni_rrt_star 52 1.38435 10000 10000 10000 16.8072 1.12537 16.7695
uni_rrt_star 53 1.40825 10000 10000 10000 16.8072 1.12537 16.7695
uni_rrt_star 54 1.43678 10000 10000 10000 16.8072 1.12537 16.7695
uni_rrt_star 55 1.45962 10000 10000 10000 16.8072 1.12537 16.7695
uni_rrt_star 56 1.48282 10000 10000 10000 16.8072 1.12537 16.7695
uni_rrt_star 57 1.51183 10000 10000 10000 16.8072 1.12537 16.7695
uni_rrt_star 58 1.5365 10000 10000 10000 16.8072 1.12537 16.7695
uni_rrt_star 59 1.55895 10000 10000 10000 16.8072 1.12537 16.7695
uni_rrt_star 60 1.60037 10000 10000 10000 16.8072 1.12537 16.7695
uni_rrt_star 61 1.62675 10000 10000 10000 16.8072 1.12537 16.7695
uni_rrt_star 62 1.65891 10000 10000 10000 16.8072 1.12537 16.7695
uni_rrt_star 63 1.68695 10000 10000 10000 16.8072 1.12537 16.7695
uni_rrt_star 64 1.7123 10000 10000 10000 16.8072 1.12537 16.7695
uni_rrt_star 65 1.74256 10000 10000 10000 16.8072 1.12537 16.7695
uni_rrt_star 66 1.76625 10000 10000 10000 16.8072 1.12537 16.7695
uni_rrt_star 67 1.80046 10000 10000 10000 16.8072 1.12537 16.7695
uni_rrt_star 68 1.82355 10000 10000 10000 16.8072 1.12537 16.7695
uni_rrt_star 69 1.84813 10000 10000 10000 16.8072 1.12537 16.7695
uni_rrt_star 70 1.8723 10000 10000 10000 16.8072 1.12537 16.7695
uni_rrt_star 71 1.90036 10000 10000 10000 16.8072 1.12537 16.7695
uni_rrt_star 72 1.93265 10000 10000 10000 16.8072 1.12537 16.7695
uni_rrt_star 73 1.95828 10000 10000 10000 16.8072 1.12537 16.7695
uni_rrt_star 74 1.98461 10000 10000 10000 16.8072 1.12537 16.7695
uni_rrt_star 75 2.00898 10000 10000 10000 16.8072 1.12537 16.7695
uni_rrt_star 76 2.04009 10000 10000 10000 16.8072 1.12537 16.7695
uni_rrt_star 77 2.06195 10000 10000 10000 16.8072 1.12537 16.7695
uni_rrt_star 78 2.0832 10000 10000 10000 16.8072 1.12537 16.7695
uni_rrt_star 79 2.10531 10000 10000 10000 16.8072 1.12537 16.7695
uni_rrt_star 80 2.12947 10000 10000 10000 16.8072 1.12537 16.7695
uni_rrt_star 81 2.15443 10000 10000 10000 16.8072 1.12537 16.7695
uni_rrt_star 82 2.17824 10000 10000 10000 16.8072 1.12537 16.7695
uni_rrt_star 83 2.21088 10000 10000 10000 16.8072 1.12537 16.7695
uni_rrt_star 84 2.23398 10000 10000 10000 16.8072 1.12537 16.7695
uni_rrt_star 85 2.25892 10000 10000 10000 16.8072 1.12537 16.7695
uni_rrt_star 86 2.28644 10000 10000 10000 16.8072 1.12537 16.7695
uni_rrt_star 87 2.3157 10000 10000 10000 16.8072 1.12537 16.7695
uni_rrt_star 88 2.33889 10000 10000 10000 16.8072 1.12537 16.7695
uni_rrt_star 89 2.36959 10000 10000 10000 16.8072 1.12537 16.7695
uni_rrt_star 90 2.38959 10000 10000 10000 16.8072 1.12537 16.7695
uni_rrt_star 91 2.42911 10000 10000 10000 16.8072 1.12537 16.7695
uni_rrt_star 92 2.45133 10000 10000 10000 16.8072 1.12537 16.7695
uni_rrt_star 93 2.48666 10000 10000 10000 16.8072 1.12537 16.7695
uni_rrt_star 94 2.51497 10000 10000 10000 16.8072 1.12537 16.7695
uni_rrt_star 95 2.54109 10000 10000 10000 16.8072 1.12537 16.7695
uni_rrt_star 96 2.56557 10000 10000 10000 16.8072 1.12537 16.7695
uni_rrt_star 97 2.59426 10000 10000 10000 16.8072 1.12537 16.7695
uni_rrt_star 98 2.62311 10000 10000 10000 16.8072 1.12537 16.7695
uni_rrt_star 99 2.65498 10000 10000 10000 16.8072 1.12537 16.7695
uni_rrt_star 100 2.67693 10000 10000 10000 16.8072 1.12537 16.7695
uni_rrt_star 101 2.70508 10000 10000 10000 16.8072 1.12537 16.7695
uni_rrt_star 102 2.74663 10000 10000 10000 16.8072 1.12537 16.7695
uni_rrt_star 103 2.77182 10000 10000 10000 16.8072 1.12537 16.7695
uni_rrt_star 104 2.80336 10000 10000 10000 16.8072 1.12537 16.7695
uni_rrt_star 105 2.8309 10000 10000 10000 16.8072 1.12537 16.7695
uni_rrt_star 106 2.85863 10000 10000 10000 16.8072 1.12537 16.7695
uni_rrt_star 107 2.88305 10000 10000 10000 16.8072 1.12537 16.7695
uni_rrt_star 108 2.91435 10000 10000 10000 16.8072 1.12537 16.7695
uni_rrt_star 109 2.94036 10000 10000 10000 16.8072 1.12537 16.7695
uni_rrt_star 110 2.96443 10000 10000 10000 16.8072 1.12537 16.7695
uni_rrt_star 111 2.99493 10000 10000 10000 16.8072 1.12537 16.7695
uni_rrt_star 112 3.01708 10000 10000 10000 16.8072 1.12537 16.7695
uni_rrt_star 113 3.05806 10000 10000 10000 16.8072 1.12537 16.7695
uni_rrt_star 114 3.0944 10000 10000 10000 16.8072 1.12537 16.7695
uni_rrt_star 115 3.13058 10000 10000 10000 16.8072 1.12537 16.7695
uni_rrt_star 116 3.16587 10000 10000 10000 16.8072 1.12537 16.7695
uni_rrt_star 117 3.19184 10000 10000 10000 16.8072 1.12537 16.7695
uni_rrt_star 118 3.21674 10000 10000 10000 16.8072 1.12537 16.7695
uni_rrt_star 119 3.24605 10000 10000 10000 16.8072 1.12537 16.7695
uni_rrt_star 120 3.27492 10000 10000 10000 16.8072 1.12537 16.7695
uni_rrt_star 121 3.31073 10000 10000 10000 16.8072 1.12537 16.7695
uni_rrt_star 122 3.34658 10000 10000 10000 16.8072 1.12537 16.7695
uni_rrt_star 123 3.37883 10000 10000 10000 16.8072 1.12537 16.7695
uni_rrt_star 124 3.40995 10000 10000 10000 16.8072 1.12537 16.7695
uni_rrt_star 125 3.48311 10000 10000 10000 16.8072 1.12537 16.7695
uni_rrt_star 126 3.53933 10000 10000 10000 16.8072 1.12537 16.7695
uni_rrt_star 127 3.57775 10000 10000 10000 16.8072 1.12537 16.7695
uni_rrt_star 128 3.6223 10000 10000 10000 16.8072 1.12537 16.7695
uni_rrt_star 129 3.66106 10000 10000 10000 16.8072 1.12537 16.7695
uni_rrt_star 130 3.70136 10000 10000 10000 16.8072 1.12537 16.7695
uni_rrt_star 131 3.75931 10000 10000 10000 16.8072 1.12537 16.7695
uni_rrt_star 132 3.79727 10000 10000 10000 16.8072 1.12537 16.7695
uni_rrt_star 133 3.82593 10000 10000 10000 16.8072 1.12537 16.7695
uni_rrt_star 134 3.85492 10000 10000 10000 16.8072 1.12537 16.7695
uni_rrt_star 135 3.88502 10000 10000 10000 16.8072 1.12537 16.7695
uni_rrt_star 136 3.90989 10000 10000 10000 16.8072 1.12537 16.7695
uni_rrt_star 137 3.93404 10000 10000 10000 16.8072 1.12537 16.7695
uni_rrt_star 138 3.95882 10000 10000 10000 16.8072 1.12537 16.7695
uni_rrt_star 139 3.99096 10000 10000 10000 16.8072 1.12537 16.7695
uni_rrt_star 140 4.01634 10000 10000 10000 16.8072 1.12537 16.7695
uni_rrt_star 141 4.05004 10000 10000 10000 16.8072 1.12537 16.7695
uni_rrt_star 142 4.07954 10000 10000 10000 16.8072 1.12537 16.7695
uni_rrt_star 143 4.13248 10000 10000 10000 16.8072 1.12537 16.7695
uni_rrt_star 144 4.16339 10000 10000 10000 16.8072 1.12537 16.7695
uni_rrt_star 145 4.18963 10000 10000 10000 16.8072 1.12537 16.7695
uni_rrt_star 146 4.21339 10000 10000 10000 16.8072 1.12537 16.7695
uni_rrt_star 147 4.23745 10000 10000 10000 16.8072 1.12537 16.7695
uni_rrt_star 148 4.2637 10000 10000 10000 16.8072 1.12537 16.7695
uni_rrt_star 149 4.28668 10000 10000 10000 16.8072 1.12537 16.7695
uni_rrt_star 150 4.31075 10000 10000 10000 16.8072 1.12537 16.7695
uni_rrt_star 151 4.33704 10000 10000 10000 16.8072 1.12537 16.7695
uni_rrt_star 152 4.38075 10000 10000 10000 16.8072 1.12537 16.7695
uni_rrt_star 153 4.40599 10000 10000 10000 16.8072 1.12537 16.7695
uni_rrt_star 154 4.43897 10000 10000 10000 16.8072 1.12537 16.7695
uni_rrt_star 155 4.4748 10000 10000 10000 16.8072 1.12537 16.7695
uni_rrt_star 156 4.50704 10000 10000 10000 16.8072 1.12537 16.7695
uni_rrt_star 157 4.5441 10000 10000 10000 16.8072 1.12537 16.7695
uni_rrt_star 158 4.59731 10000 10000 10000 16.8072 1.12537 16.7695
uni_rrt_star 159 4.63687 10000 10000 10000 16.8072 1.12537 16.7695
uni_rrt_star 160 4.68723 10000 10000 10000 16.8072 1.12537 16.7695
uni_rrt_star 161 4.72674 10000 10000 10000 16.8072 1.12537 16.7695
uni_rrt_star 162 4.76276 10000 10000 10000 16.8072 1.12537 16.7695
uni_rrt_star 163 4.79427 10000 10000 10000 16.8072 1.12537 16.7695
uni_rrt_star 164 4.82805 10000 10000 10000 16.8072 1.12537 16.7695
uni_rrt_star 165 4.87416 10000 10000 10000 16.8072 1.12537 16.7695
uni_rrt_star 166 4.90618 10000 10000 10000 16.8072 1.12537 16.7695
uni_rrt_star 167 4.94258 10000 10000 10000 16.8072 1.12537 16.7695
uni_rrt_star 168 4.98476 10000 10000 10000 16.8072 1.12537 16.7695
uni_rrt_star 169 5.01665 10000 10000 10000 16.8072 1.12537 16.7695
uni_rrt_star 170 5.04202 10000 10000 10000 16.8072 1.12537 16.7695
uni_rrt_star 171 5.06917 10000 10000 10000 16.8072 1.12537 16.7695
uni_rrt_star 172 5.09571 10000 10000 10000 16.8072 1.12537 16.7695
uni_rrt_star 173 5.12837 10000 10000 10000 16.8072 1.12537 16.7695
uni_rrt_star 174 5.16464 10000 10000 10000 16.8072 1.12537 16.7695
uni_rrt_star 175 5.19075 10000 10000 10000 16.8072 1.12537 16.7695
uni_rrt_star 176 5.22315 10000 10000 10000 16.8072 1.12537 16.7695
uni_rrt_star 177 5.24475 10000 10000 10000 16.8072 1.12537 16.7695
uni_rrt_star 178 5.34705 10000 10000 10000 16.8072 1.12537 16.7695
uni_rrt_star 179 5.42147 10000 10000 10000 16.8072 1.12537 16.7695
uni_rrt_star 180 5.45712 10000 10000 10000 16.8072 1.12537 16.7695
uni_rrt_star 181 5.49407 10000 10000 10000 16.8072 1.12537 16.7695
uni_rrt_star 182 5.52565 10000 10000 10000 16.8072 1.12537 16.7695
uni_rrt_star 183 5.54984 10000 10000 10000 16.8072 1.12537 16.7695
uni_rrt_star 184 5.64273 10000 10000 10000 16.8072 1.12537 16.7695
uni_rrt_star 185 5.68165 10000 10000 10000 16.8072 1.12537 16.7695
uni_rrt_star 186 5.72739 10000 10000 10000 16.8072 1.12537 16.7695
uni_rrt_star 187 5.76357 10000 10000 10000 16.8072 1.12537 16.7695
uni_rrt_star 188 5.7882 10000 10000 10000 16.8072 1.12537 16.7695
uni_rrt_star 189 5.81155 10000 10000 10000 16.8072 1.12537 16.7695
uni_rrt_star 190 5.854 10000 10000 10000 16.8072 1.12537 16.7695
uni_rrt_star 191 5.87857 10000 10000 10000 16.8072 1.12537 16.7695
uni_rrt_star 192 5.92571 10000 10000 10000 16.8072 1.12537 16.7695
uni_rrt_star 193 5.95492 10000 10000 10000 16.8072 1.12537 16.7695
uni_rrt_star 194 6.11162 44.1891 28.2491 30.5594 16.8072 1.12537 16.7695
uni_rrt_star 195 6.1881 44.1891 28.2491 30.5594 16.8072 1.12537 16.7695
uni_rrt_star 196 6.37334 44.1891 28.2491 30.5594 16.8072 1.12537 16.7695
uni_rrt_star 197 6.43515 44.1891 28.2491 30.5594 16.8072 1.12537 16.7695
uni_rrt_star 198 6.83405 44.1891 28.2491 30.5594 16.8072 1.12537 16.7695
uni_rrt_star 199 6.88289 44.1891 28.2491 30.5594 16.8072 1.12537 16.7695
uni_rrt_star 200 6.98824 44.1891 28.2491 30.5594 16.8072 1.12537 16.7695
uni_rrt_star 201 7.06413 44.1891 28.2491 30.5594 16.8072 1.12537 16.7695
uni_rrt_star 202 7.12375 44.1891 28.2491 30.5594 16.8072 1.12537 16.7695
uni_rrt_star 203 7.16739 44.1891 28.2491 30.5594 16.8072 1.12537 16.7695
uni_rrt_star 204 7.37779 44.1891 28.2491 30.5594 16.8072 1.12537 16.7695
uni_rrt_star 205 7.55379 44.1891 28.2491 30.5594 16.8072 1.12537 16.7695
uni_rrt_star 206 7.93974 44.1891 28.2491 30.5594 16.8072 1.12537 16.7695
uni_rrt_star 207 7.98754 44.1891 28.2491 30.5594 16.8072 1.12537 16.7695
uni_rrt_star 208 8.02731 44.1891 28.2491 30.5594 16.8072 1.12537 16.7695
uni_rrt_star 209 8.07074 44.1891 28.2491 30.5594 16.8072 1.12537 16.7695
uni_rrt_star 210 8.12998 44.1891 28.2491 30.5594 16.8072 1.12537 16.7695
uni_rrt_star 211 8.20247 44.1891 28.2491 30.5594 16.8072 1.12537 16.7695
uni_rrt_star 212 8.53093 44.1891 28.2491 30.5594 16.8072 1.12537 16.7695
uni_rrt_star 213 8.59716 44.1891 28.2491 30.5594 16.8072 1.12537 16.7695
uni_rrt_star 214 8.64749 44.1891 28.2491 30.5594 16.8072 1.12537 16.7695
uni_rrt_star 215 8.98279 44.1891 28.2491 30.5594 16.8072 1.12537 16.7695
uni_rrt_star 216 9.04644 44.1891 28.2491 30.5594 16.8072 1.12537 16.7695
uni_rrt_star 217 9.10297 44.1891 28.2491 30.5594 16.8072 1.12537 16.7695
uni_rrt_star 218 9.16716 44.1891 28.2491 30.5594 16.8072 1.12537 16.7695
uni_rrt_star 219 9.57316 44.1891 28.2491 30.5594 16.8072 1.12537 16.7695
uni_rrt_star 220 9.8253 44.1891 28.2491 30.5594 16.8072 1.12537 16.7695
uni_rrt_star 221 9.92228 44.1891 28.2491 30.5594 16.8072 1.12537 16.7695
uni_rrt_star 222 9.96954 44.1891 28.2491 30.5594 16.8072 1.12537 16.7695
uni_rrt_star 223 10.3381 44.1891 28.2491 30.5594 16.8072 1.12537 16.7695
uni_rrt_star 224 10.4158 44.1891 28.2491 30.5594 16.8072 1.12537 16.7695
uni_rrt_star 225 10.5975 44.1891 28.2491 30.5594 16.8072 1.12537 16.7695
uni_rrt_star 226 10.9831 44.1891 28.2491 30.5594 16.8072 1.12537 16.7695
uni_rrt_star 227 11.3528 44.1891 28.2491 30.5594 16.8072 1.12537 16.7695
uni_rrt_star 228 11.4034 44.1891 28.2491 30.5594 16.8072 1.12537 16.7695
uni_rrt_star 229 11.6014 44.1891 28.2491 30.5594 16.8072 1.12537 16.7695
uni_rrt_star 230 11.9351 44.1891 28.2491 30.5594 16.8072 1.12537 16.7695
uni_rrt_star 231 12.2756 44.1891 28.2491 30.5594 16.8072 1.12537 16.7695
uni_rrt_star 232 12.3453 44.1891 28.2491 30.5594 16.8072 1.12537 16.7695
uni_rrt_star 233 12.7136 44.1891 28.2491 30.5594 16.8072 1.12537 16.7695
uni_rrt_star 234 12.7665 44.1891 28.2491 30.5594 16.8072 1.12537 16.7695
uni_rrt_star 235 12.9433 44.1891 28.2491 30.5594 16.8072 1.12537 16.7695
uni_rrt_star 236 12.9923 44.1891 28.2491 30.5594 16.8072 1.12537 16.7695
uni_rrt_star 237 13.3548 44.1891 28.2491 30.5594 16.8072 1.12537 16.7695
uni_rrt_star 238 13.4119 44.1891 28.2491 30.5594 16.8072 1.12537 16.7695
uni_rrt_star 239 13.4693 44.1891 28.2491 30.5594 16.8072 1.12537 16.7695
uni_rrt_star 240 13.6347 44.1891 28.2491 30.5594 16.8072 1.12537 16.7695
uni_rrt_star 241 13.6871 44.1891 28.2491 30.5594 16.8072 1.12537 16.7695
uni_rrt_star 242 13.834 44.1891 28.2491 30.5594 16.8072 1.12537 16.7695
uni_rrt_star 243 13.8925 44.1891 28.2491 30.5594 16.8072 1.12537 16.7695
uni_rrt_star 244 14.001 44.1891 28.2491 30.5594 16.8072 1.12537 16.7695
uni_rrt_star 245 14.35 44.1891 28.2491 30.5594 16.8072 1.12537 16.7695
uni_rrt_star 246 14.4032 44.1891 28.2491 30.5594 16.8072 1.12537 16.7695
uni_rrt_star 247 14.4608 44.1891 28.2491 30.5594 16.8072 1.12537 16.7695
uni_rrt_star 248 14.5076 44.1891 28.2491 30.5594 16.8072 1.12537 16.7695
uni_rrt_star 249 14.6899 44.1891 28.2491 30.5594 16.8072 1.12537 16.7695
uni_rrt_star 250 14.7732 44.1891 28.2491 30.5594 16.8072 1.12537 16.7695
uni_rrt_star 251 14.8549 44.1891 28.2491 30.5594 16.8072 1.12537 16.7695
uni_rrt_star 252 14.9295 44.1891 28.2491 30.5594 16.8072 1.12537 16.7695
uni_rrt_star 253 15.2846 44.1891 28.2491 30.5594 16.8072 1.12537 16.7695
uni_rrt_star 254 15.6216 44.1891 28.2491 30.5594 16.8072 1.12537 16.7695
uni_rrt_star 255 15.9198 44.1891 28.2491 30.5594 16.8072 1.12537 16.7695
uni_rrt_star 256 16.279 44.1891 28.2491 30.5594 16.8072 1.12537 16.7695
uni_rrt_star 257 16.3738 44.1891 28.2491 30.5594 16.8072 1.12537 16.7695
uni_rrt_star 258 16.4195 44.1891 28.2491 30.5594 16.8072 1.12537 16.7695
uni_rrt_star 259 16.6432 44.1891 28.2491 30.5594 16.8072 1.12537 16.7695
uni_rrt_star 260 16.6996 44.1891 28.2491 30.5594 16.8072 1.12537 16.7695
uni_rrt_star 261 16.8458 44.1891 28.2491 30.5594 16.8072 1.12537 16.7695
uni_rrt_star 262 17.1613 44.1891 28.2491 30.5594 16.8072 1.12537 16.7695
uni_rrt_star 263 17.2248 44.1891 28.2491 30.5594 16.8072 1.12537 16.7695
uni_rrt_star 264 17.2742 44.1891 28.2491 30.5594 16.8072 1.12537 16.7695
uni_rrt_star 265 17.5872 44.1891 28.2491 30.5594 16.8072 1.12537 16.7695
uni_rrt_star 266 17.6752 44.1891 28.2491 30.5594 16.8072 1.12537 16.7695
uni_rrt_star 267 18.0412 44.1891 28.2491 30.5594 16.8072 1.12537 16.7695
uni_rrt_star 268 18.3456 44.1891 28.2491 30.5594 16.8072 1.12537 16.7695
uni_rrt_star 269 18.4052 44.1891 28.2491 30.5594 16.8072 1.12537 16.7695
uni_rrt_star 270 18.6784 44.1891 28.2491 30.5594 16.8072 1.12537 16.7695
uni_rrt_star 271 18.8983 44.1891 28.2491 30.5594 16.8072 1.12537 16.7695
uni_rrt_star 272 18.9922 44.1891 28.2491 30.5594 16.8072 1.12537 16.7695
uni_rrt_star 273 19.1405 44.1891 28.2491 30.5594 16.8072 1.12537 16.7695
uni_rrt_star 274 19.1924 44.1891 28.2491 30.5594 16.8072 1.12537 16.7695
uni_rrt_star 275 19.6143 44.1891 28.2491 30.5594 16.8072 1.12537 16.7695
uni_rrt_star 276 19.8689 44.1891 28.2491 30.5594 16.8072 1.12537 16.7695
uni_rrt_star 277 20.9685 44.1891 28.2491 30.5594 16.8072 1.12537 16.7695
uni_rrt_star 278 22.6162 44.1891 28.2491 30.5594 16.8072 1.12537 16.7695
uni_rrt_star 279 22.9178 44.1891 28.2491 30.5594 16.8072 1.12537 16.7695
uni_rrt_star 280 23.2889 44.1891 28.2491 30.5594 16.8072 1.12537 16.7695
uni_rrt_star 281 24.5431 44.1891 28.2491 30.5594 16.8072 1.12537 16.7695
uni_rrt_star 282 25.3531 44.1891 28.2491 30.5594 16.8072 1.12537 16.7695
uni_rrt_star 283 25.4112 44.1891 28.2491 30.5594 16.8072 1.12537 16.7695
uni_rrt_star 284 25.7482 44.1891 28.2491 30.5594 16.8072 1.12537 16.7695
uni_rrt_star 285 25.9553 44.1891 28.2491 30.5594 16.8072 1.12537 16.7695
uni_rrt_star 286 26.6613 44.1891 28.2491 30.5594 16.8072 1.12537 16.7695
uni_rrt_star 287 26.7183 44.1891 28.2491 30.5594 16.8072 1.12537 16.7695
uni_rrt_star 288 26.7658 44.1891 28.2491 30.5594 16.8072 1.12537 16.7695
uni_rrt_star 289 26.8168 44.1891 28.2491 30.5594 16.8072 1.12537 16.7695
uni_rrt_star 290 27.1281 44.1891 28.2491 30.5594 16.8072 1.12537 16.7695
uni_rrt_star 291 27.1967 44.1891 28.2491 30.5594 16.8072 1.12537 16.7695
uni_rrt_star 292 27.4976 44.1891 28.2491 30.5594 16.8072 1.12537 16.7695
uni_rrt_star 293 27.8589 44.1891 28.2491 30.5594 16.8072 1.12537 16.7695
uni_rrt_star 294 28.7091 44.1891 28.2491 30.5594 16.8072 1.12537 16.7695
uni_rrt_star 295 28.8115 44.1891 28.2491 30.5594 16.8072 1.12537 16.7695
uni_rrt_star 296 28.8713 44.1891 28.2491 30.5594 16.8072 1.12537 16.7695
uni_rrt_star 297 29.2132 44.1891 28.2491 30.5594 16.8072 1.12537 16.7695
uni_rrt_star 298 29.2749 44.1891 28.2491 30.5594 16.8072 1.12537 16.7695
uni_rrt_star 299 29.3234 44.1891 28.2491 30.5594 16.8072 1.12537 16.7695
uni_rrt_star 300 29.3464 44.1891 28.2491 30.5594 16.8072 1.12537 16.7695
uni_rrt_star 301 29.392 44.1891 28.2491 30.5594 16.8072 1.12537 16.7695
uni_rrt_star 302 29.6899 44.1891 28.2491 30.5594 16.8072 1.12537 16.7695
uni_rrt_star 303 29.9648 44.1891 28.2491 30.5594 16.8072 1.12537 16.7695
uni_rrt_star 304 30.0318 44.1891 28.2491 30.5594 16.8072 1.12537 16.7695
uni_rrt_star 305 30.0786 44.1891 28.2491 30.5594 16.8072 1.12537 16.7695
uni_rrt_star 306 30.1639 44.1891 28.2491 30.5594 16.8072 1.12537 16.7695
uni_rrt_star 307 30.5503 44.1891 28.2491 30.5594 16.8072 1.12537 16.7695
uni_rrt_star 308 30.6057 44.1891 28.2491 30.5594 16.8072 1.12537 16.7695
uni_rrt_star 309 30.9579 44.1891 28.2491 30.5594 16.8072 1.12537 16.7695
uni_rrt_star 310 31.0094 44.1891 28.2491 30.5594 16.8072 1.12537 16.7695
uni_rrt_star 311 31.3635 44.1891 28.2491 30.5594 16.8072 1.12537 16.7695
uni_rrt_star 312 31.4306 44.1891 28.2491 30.5594 16.8072 1.12537 16.7695
uni_rrt_star 313 31.809 44.1891 28.2491 30.5594 16.8072 1.12537 16.7695
uni_rrt_star 314 31.8798 44.1891 28.2491 30.5594 16.8072 1.12537 16.7695
uni_rrt_star 315 31.9409 44.1891 28.2491 30.5594 16.8072 1.12537 16.7695
uni_rrt_star 316 32.0865 44.1891 28.2491 30.5594 16.8072 1.12537 16.7695
uni_rrt_star 317 32.2639 44.1891 28.2491 30.5594 16.8072 1.12537 16.7695
uni_rrt_star 318 32.3666 44.1891 28.2491 30.5594 16.8072 1.12537 16.7695
uni_rrt_star 319 32.6013 44.1891 28.2491 30.5594 16.8072 1.12537 16.7695
uni_rrt_star 320 32.9197 44.1891 28.2491 30.5594 16.8072 1.12537 16.7695
uni_rrt_star 321 33.0237 44.1891 28.2491 30.5594 16.8072 1.12537 16.7695
uni_rrt_star 322 33.0974 44.1891 28.2491 30.5594 16.8072 1.12537 16.7695
uni_rrt_star 323 33.1963 44.1891 28.2491 30.5594 16.8072 1.12537 16.7695
uni_rrt_star 324 33.3317 44.1891 28.2491 30.5594 16.8072 1.12537 16.7695
uni_rrt_star 325 33.7063 44.1891 28.2491 30.5594 16.8072 1.12537 16.7695
uni_rrt_star 326 33.7664 44.1891 28.2491 30.5594 16.8072 1.12537 16.7695
uni_rrt_star 327 33.9082 44.1891 28.2491 30.5594 16.8072 1.12537 16.7695
uni_rrt_star 328 34.1952 44.1891 28.2491 30.5594 16.8072 1.12537 16.7695
uni_rrt_star 329 34.3184 44.1891 28.2491 30.5594 16.8072 1.12537 16.7695
uni_rrt_star 330 34.3746 44.1891 28.2491 30.5594 16.8072 1.12537 16.7695
uni_rrt_star 331 34.7537 44.1891 28.2491 30.5594 16.8072 1.12537 16.7695
uni_rrt_star 332 34.7938 44.1891 28.2491 30.5594 16.8072 1.12537 16.7695
uni_rrt_star 333 35.1547 44.1891 28.2491 30.5594 16.8072 1.12537 16.7695
uni_rrt_star 334 35.2179 44.1891 28.2491 30.5594 16.8072 1.12537 16.7695
uni_rrt_star 335 35.2724 44.1891 28.2491 30.5594 16.8072 1.12537 16.7695
uni_rrt_star 336 35.3461 44.1891 28.2491 30.5594 16.8072 1.12537 16.7695
uni_rrt_star 337 35.3985 44.1891 28.2491 30.5594 16.8072 1.12537 16.7695
uni_rrt_star 338 35.7423 44.1891 28.2491 30.5594 16.8072 1.12537 16.7695
uni_rrt_star 339 35.8328 44.1891 28.2491 30.5594 16.8072 1.12537 16.7695
uni_rrt_star 340 36.1398 44.1891 28.2491 30.5594 16.8072 1.12537 16.7695
uni_rrt_star 341 36.192 44.1891 28.2491 30.5594 16.8072 1.12537 16.7695
uni_rrt_star 342 36.5946 41.8774 29.6798 25.2696 16.8072 1.12537 16.7695
uni_rrt_star 343 36.6422 41.8774 29.6798 25.2696 16.8072 1.12537 16.7695
uni_rrt_star 344 36.704 41.8774 29.6798 25.2696 16.8072 1.12537 16.7695
uni_rrt_star 345 36.7765 41.8774 29.6798 25.2696 16.8072 1.12537 16.7695
uni_rrt_star 346 36.824 41.8774 29.6798 25.2696 16.8072 1.12537 16.7695
uni_rrt_star 347 37.1689 41.8774 29.6798 25.2696 16.8072 1.12537 16.7695
uni_rrt_star 348 37.3994 41.8774 29.6798 25.2696 16.8072 1.12537 16.7695
uni_rrt_star 349 37.7514 41.8774 29.6798 25.2696 16.8072 1.12537 16.7695
uni_rrt_star 350 37.8038 41.8774 29.6798 25.2696 16.8072 1.12537 16.7695
uni_rrt_star 351 37.847 41.8774 29.6798 25.2696 16.8072 1.12537 16.7695
uni_rrt_star 352 38.1698 41.8774 29.6798 25.2696 16.8072 1.12537 16.7695
uni_rrt_star 353 38.2169 41.8774 29.6798 25.2696 16.8072 1.12537 16.7695
uni_rrt_star 354 38.2714 41.8774 29.6798 25.2696 16.8072 1.12537 16.7695
uni_rrt_star 355 38.4182 41.8774 29.6798 25.2696 16.8072 1.12537 16.7695
uni_rrt_star 356 38.4681 41.8774 29.6798 25.2696 16.8072 1.12537 16.7695
uni_rrt_star 357 38.5869 41.8774 29.6798 25.2696 16.8072 1.12537 16.7695
uni_rrt_star 358 38.649 41.8774 29.6798 25.2696 16.8072 1.12537 16.7695
uni_rrt_star 359 38.8391 41.8774 29.6798 25.2696 16.8072 1.12537 16.7695
uni_rrt_star 360 39.1421 41.8774 29.6798 25.2696 16.8072 1.12537 16.7695
uni_rrt_star 361 39.2991 41.8774 29.6798 25.2696 16.8072 1.12537 16.7695
uni_rrt_star 362 39.3442 41.8774 29.6798 25.2696 16.8072 1.12537 16.7695
uni_rrt_star 363 39.4009 41.8774 29.6798 25.2696 16.8072 1.12537 16.7695
uni_rrt_star 364 39.5261 41.8774 29.6798 25.2696 16.8072 1.12537 16.7695
uni_rrt_star 365 39.5829 41.8774 29.6798 25.2696 16.8072 1.12537 16.7695
uni_rrt_star 366 39.9575 41.8774 29.6798 25.2696 16.8072 1.12537 16.7695
uni_rrt_star 367 40.0712 41.8774 29.6798 25.2696 16.8072 1.12537 16.7695
uni_rrt_star 368 40.1216 41.8774 29.6798 25.2696 16.8072 1.12537 16.7695
uni_rrt_star 369 40.3037 41.8774 29.6798 25.2696 16.8072 1.12537 16.7695
uni_rrt_star 370 40.3635 41.8774 29.6798 25.2696 16.8072 1.12537 16.7695
uni_rrt_star 371 40.4394 41.8774 29.6798 25.2696 16.8072 1.12537 16.7695
uni_rrt_star 372 40.7517 41.8774 29.6798 25.2696 16.8072 1.12537 16.7695
uni_rrt_star 373 40.7949 41.8774 29.6798 25.2696 16.8072 1.12537 16.7695
uni_rrt_star 374 41.1299 41.8774 29.6798 25.2696 16.8072 1.12537 16.7695
uni_rrt_star 375 41.5884 41.8774 29.6798 25.2696 16.8072 1.12537 16.7695
uni_rrt_star 376 42.2179 41.8774 29.6798 25.2696 16.8072 1.12537 16.7695
uni_rrt_star 377 42.3888 41.8774 29.6798 25.2696 16.8072 1.12537 16.7695
uni_rrt_star 378 42.649 41.8774 29.6798 25.2696 16.8072 1.12537 16.7695
uni_rrt_star 379 42.8286 41.8774 29.6798 25.2696 16.8072 1.12537 16.7695
uni_rrt_star 380 42.9614 41.8774 29.6798 25.2696 16.8072 1.12537 16.7695
uni_rrt_star 381 43.0963 41.8774 29.6798 25.2696 16.8072 1.12537 16.7695
uni_rrt_star 382 43.2925 41.8774 29.6798 25.2696 16.8072 1.12537 16.7695
uni_rrt_star 383 43.5592 41.8774 29.6798 25.2696 16.8072 1.12537 16.7695
uni_rrt_star 384 43.856 41.8774 29.6798 25.2696 16.8072 1.12537 16.7695
uni_rrt_star 385 44.2158 41.8774 29.6798 25.2696 16.8072 1.12537 16.7695
uni_rrt_star 386 44.4322 41.8774 29.6798 25.2696 16.8072 1.12537 16.7695
uni_rrt_star 387 44.6722 41.8774 29.6798 25.2696 16.8072 1.12537 16.7695
uni_rrt_star 388 44.7437 41.8774 29.6798 25.2696 16.8072 1.12537 16.7695
uni_rrt_star 389 44.7739 41.8774 29.6798 25.2696 16.8072 1.12537 16.7695
uni_rrt_star 390 44.827 41.8774 29.6798 25.2696 16.8072 1.12537 16.7695
uni_rrt_star 391 45.177 41.8774 29.6798 25.2696 16.8072 1.12537 16.7695
uni_rrt_star 392 45.2748 41.8774 29.6798 25.2696 16.8072 1.12537 16.7695
uni_rrt_star 393 45.5433 41.8774 29.6798 25.2696 16.8072 1.12537 16.7695
uni_rrt_star 394 45.6204 41.8774 29.6798 25.2696 16.8072 1.12537 16.7695
uni_rrt_star 395 45.9019 41.8774 29.6798 25.2696 16.8072 1.12537 16.7695
uni_rrt_star 396 45.9566 41.8774 29.6798 25.2696 16.8072 1.12537 16.7695
uni_rrt_star 397 46.0299 41.8774 29.6798 25.2696 16.8072 1.12537 16.7695
uni_rrt_star 398 46.1326 41.8774 29.6798 25.2696 16.8072 1.12537 16.7695
uni_rrt_star 399 46.2574 41.8774 29.6798 25.2696 16.8072 1.12537 16.7695
uni_rrt_star 400 46.6366 41.8774 29.6798 25.2696 16.8072 1.12537 16.7695
uni_rrt_star 401 46.7147 41.8774 29.6798 25.2696 16.8072 1.12537 16.7695
uni_rrt_star 402 46.8422 41.8774 29.6798 25.2696 16.8072 1.12537 16.7695
uni_rrt_star 403 46.9066 41.8774 29.6798 25.2696 16.8072 1.12537 16.7695
uni_rrt_star 404 47.2777 41.8774 29.6798 25.2696 16.8072 1.12537 16.7695
uni_rrt_star 405 47.3588 41.8774 29.6798 25.2696 16.8072 1.12537 16.7695
uni_rrt_star 406 47.5645 41.8774 29.6798 25.2696 16.8072 1.12537 16.7695
uni_rrt_star 407 47.9289 41.8774 29.6798 25.2696 16.8072 1.12537 16.7695
uni_rrt_star 408 48.0309 41.8774 29.6798 25.2696 16.8072 1.12537 16.7695
uni_rrt_star 409 48.1344 41.8774 29.6798 25.2696 16.8072 1.12537 16.7695
uni_rrt_star 410 48.191 41.8774 29.6798 25.2696 16.8072 1.12537 16.7695
uni_rrt_star 411 48.5845 41.8774 29.6798 25.2696 16.8072 1.12537 16.7695
uni_rrt_star 412 48.9021 41.8774 29.6798 25.2696 16.8072 1.12537 16.7695
uni_rrt_star 413 49.0099 41.8774 29.6798 25.2696 16.8072 1.12537 16.7695
uni_rrt_star 414 49.3626 41.8774 29.6798 25.2696 16.8072 1.12537 16.7695
uni_rrt_star 415 49.4114 41.8774 29.6798 25.2696 16.8072 1.12537 16.7695
uni_rrt_star 416 49.5078 41.8774 29.6798 25.2696 16.8072 1.12537 16.7695
uni_rrt_star 417 49.9914 41.8774 29.6798 25.2696 16.8072 1.12537 16.7695
uni_rrt_star 418 50.0451 41.8774 29.6798 25.2696 16.8072 1.12537 16.7695
uni_rrt_star 419 50.3761 41.8774 29.6798 25.2696 16.8072 1.12537 16.7695
uni_rrt_star 420 50.422 41.8774 29.6798 25.2696 16.8072 1.12537 16.7695
uni_rrt_star 421 50.4883 41.8774 29.6798 25.2696 16.8072 1.12537 16.7695
uni_rrt_star 422 50.9252 41.8774 29.6798 25.2696 16.8072 1.12537 16.7695
uni_rrt_star 423 51.1878 41.8774 29.6798 25.2696 16.8072 1.12537 16.7695
uni_rrt_star 424 51.5556 41.8774 29.6798 25.2696 16.8072 1.12537 16.7695
uni_rrt_star 425 51.7757 41.8774 29.6798 25.2696 16.8072 1.12537 16.7695
uni_rrt_star 426 51.8967 41.8774 29.6798 25.2696 16.8072 1.12537 16.7695
uni_rrt_star 427 51.9761 41.8774 29.6798 25.2696 16.8072 1.12537 16.7695
uni_rrt_star 428 52.0455 41.8774 29.6798 25.2696 16.8072 1.12537 16.7695
uni_rrt_star 429 52.0893 41.8774 29.6798 25.2696 16.8072 1.12537 16.7695
uni_rrt_star 430 52.4098 41.8774 29.6798 25.2696 16.8072 1.12537 16.7695
uni_rrt_star 431 52.5215 41.8774 29.6798 25.2696 16.8072 1.12537 16.7695
uni_rrt_star 432 52.6679 41.8774 29.6798 25.2696 16.8072 1.12537 16.7695
uni_rrt_star 433 53.0495 41.8774 29.6798 25.2696 16.8072 1.12537 16.7695
uni_rrt_star 434 53.1619 41.8774 29.6798 25.2696 16.8072 1.12537 16.7695
uni_rrt_star 435 53.2128 41.8774 29.6798 25.2696 16.8072 1.12537 16.7695
uni_rrt_star 436 53.3887 41.8774 29.6798 25.2696 16.8072 1.12537 16.7695
uni_rrt_star 437 53.4606 41.8774 29.6798 25.2696 16.8072 1.12537 16.7695
uni_rrt_star 438 53.5123 41.8774 29.6798 25.2696 16.8072 1.12537 16.7695
uni_rrt_star 439 53.9199 41.8774 29.6798 25.2696 16.8072 1.12537 16.7695
uni_rrt_star 440 54.2843 41.8774 29.6798 25.2696 16.8072 1.12537 16.7695
uni_rrt_star 441 54.6028 41.8774 29.6798 25.2696 16.8072 1.12537 16.7695
uni_rrt_star 442 54.6557 41.8774 29.6798 25.2696 16.8072 1.12537 16.7695
uni_rrt_star 443 54.7125 41.8774 29.6798 25.2696 16.8072 1.12537 16.7695
uni_rrt_star 444 54.8652 41.8774 29.6798 25.2696 16.8072 1.12537 16.7695
uni_rrt_star 445 55.18 41.8774 29.6798 25.2696 16.8072 1.12537 16.7695
uni_rrt_star 446 55.232 41.8774 29.6798 25.2696 16.8072 1.12537 16.7695
uni_rrt_star 447 55.4651 41.8774 29.6798 25.2696 16.8072 1.12537 16.7695
uni_rrt_star 448 55.571 41.8774 29.6798 25.2696 16.8072 1.12537 16.7695
uni_rrt_star 449 55.625 41.8774 29.6798 25.2696 16.8072 1.12537 16.7695
uni_rrt_star 450 56.0244 41.8774 29.6798 25.2696 16.8072 1.12537 16.7695
uni_rrt_star 451 56.3917 41.8774 29.6798 25.2696 16.8072 1.12537 16.7695
uni_rrt_star 452 56.4937 41.8774 29.6798 25.2696 16.8072 1.12537 16.7695
uni_rrt_star 453 56.6424 41.8774 29.6798 25.2696 16.8072 1.12537 16.7695
uni_rrt_star 454 57.0362 41.8774 29.6798 25.2696 16.8072 1.12537 16.7695
uni_rrt_star 455 57.0873 41.8774 29.6798 25.2696 16.8072 1.12537 16.7695
uni_rrt_star 456 57.4098 41.8774 29.6798 25.2696 16.8072 1.12537 16.7695
uni_rrt_star 457 57.4537 41.8774 29.6798 25.2696 16.8072 1.12537 16.7695
uni_rrt_star 458 57.5093 41.8774 29.6798 25.2696 16.8072 1.12537 16.7695
uni_rrt_star 459 57.8796 40.908 28.9481 25.5922 16.8072 1.12537 16.7695
uni_rrt_star 460 58.1032 40.908 28.9481 25.5922 16.8072 1.12537 16.7695
uni_rrt_star 461 58.4795 40.908 28.9481 25.5922 16.8072 1.12537 16.7695
uni_rrt_star 462 58.7311 40.908 28.9481 25.5922 16.8072 1.12537 16.7695
uni_rrt_star 463 59.1223 40.908 28.9481 25.5922 16.8072 1.12537 16.7695
uni_rrt_star 464 59.5284 40.908 28.9481 25.5922 16.8072 1.12537 16.7695
uni_rrt_star 465 59.5798 40.908 28.9481 25.5922 16.8072 1.12537 16.7695
uni_rrt_star 466 59.6957 40.908 28.9481 25.5922 16.8072 1.12537 16.7695
uni_rrt_star 467 59.7403 40.908 28.9481 25.5922 16.8072 1.12537 16.7695
uni_rrt_star 468 60.0714 40.908 28.9481 25.5922 16.8072 1.12537 16.7695
uni_rrt_star 469 60.279 40.908 28.9481 25.5922 16.8072 1.12537 16.7695
uni_rrt_star 470 60.3504 40.908 28.9481 25.5922 16.8072 1.12537 16.7695
uni_rrt_star 471 60.7438 39.0794 27.0601 25.6348 16.8072 1.12537 16.7695
uni_rrt_star 472 60.9914 39.0794 27.0601 25.6348 16.8072 1.12537 16.7695
uni_rrt_star 473 61.2113 39.0794 27.0601 25.6348 16.8072 1.12537 16.7695
uni_rrt_star 474 61.285 39.0794 27.0601 25.6348 16.8072 1.12537 16.7695
uni_rrt_star 475 61.65 39.0794 27.0601 25.6348 16.8072 1.12537 16.7695
uni_rrt_star 476 61.737 39.0794 27.0601 25.6348 16.8072 1.12537 16.7695
uni_rrt_star 477 61.8449 39.0794 27.0601 25.6348 16.8072 1.12537 16.7695
uni_rrt_star 478 61.9011 39.0794 27.0601 25.6348 16.8072 1.12537 16.7695
uni_rrt_star 479 62.0014 39.0794 27.0601 25.6348 16.8072 1.12537 16.7695
uni_rrt_star 480 62.1211 39.0794 27.0601 25.6348 16.8072 1.12537 16.7695
uni_rrt_star 481 62.1725 39.0794 27.0601 25.6348 16.8072 1.12537 16.7695
uni_rrt_star 482 62.5652 39.0794 27.0601 25.6348 16.8072 1.12537 16.7695
uni_rrt_star 483 62.8312 39.0794 27.0601 25.6348 16.8072 1.12537 16.7695
uni_rrt_star 484 62.9387 39.0794 27.0601 25.6348 16.8072 1.12537 16.7695
uni_rrt_star 485 63.3302 39.0794 27.0601 25.6348 16.8072 1.12537 16.7695
uni_rrt_star 486 63.7205 39.0794 27.0601 25.6348 16.8072 1.12537 16.7695
uni_rrt_star 487 63.7685 39.0794 27.0601 25.6348 16.8072 1.12537 16.7695
uni_rrt_star 488 64.0833 39.0794 27.0601 25.6348 16.8072 1.12537 16.7695
uni_rrt_star 489 64.6041 39.0794 27.0601 25.6348 16.8072 1.12537 16.7695
uni_rrt_star 490 64.942 39.0794 27.0601 25.6348 16.8072 1.12537 16.7695
uni_rrt_star 491 65.0095 39.0794 27.0601 25.6348 16.8072 1.12537 16.7695
uni_rrt_star 492 65.151 39.0794 27.0601 25.6348 16.8072 1.12537 16.7695
uni_rrt_star 493 65.2535 39.0794 27.0601 25.6348 16.8072 1.12537 16.7695
uni_rrt_star 494 65.3821 39.0794 27.0601 25.6348 16.8072 1.12537 16.7695
uni_rrt_star 495 65.7458 39.0794 27.0601 25.6348 16.8072 1.12537 16.7695
uni_rrt_star 496 65.9705 39.0794 27.0601 25.6348 16.8072 1.12537 16.7695
uni_rrt_star 497 66.0694 39.0794 27.0601 25.6348 16.8072 1.12537 16.7695
uni_rrt_star 498 66.2698 39.0794 27.0601 25.6348 16.8072 1.12537 16.7695
uni_rrt_star 499 66.3183 39.0794 27.0601 25.6348 16.8072 1.12537 16.7695
uni_rrt_star 500 66.4625 39.0794 27.0601 25.6348 16.8072 1.12537 16.7695
uni_rrt_star 501 66.6528 39.0794 27.0601 25.6348 16.8072 1.12537 16.7695
uni_rrt_star 502 67.0064 39.0794 27.0601 25.6348 16.8072 1.12537 16.7695
uni_rrt_star 503 67.3616 39.0794 27.0601 25.6348 16.8072 1.12537 16.7695
uni_rrt_star 504 67.4731 39.0794 27.0601 25.6348 16.8072 1.12537 16.7695
uni_rrt_star 505 67.532 39.0794 27.0601 25.6348 16.8072 1.12537 16.7695
uni_rrt_star 506 67.8332 39.0794 27.0601 25.6348 16.8072 1.12537 16.7695
uni_rrt_star 507 68.1923 39.0794 27.0601 25.6348 16.8072 1.12537 16.7695
uni_rrt_star 508 68.5166 39.0794 27.0601 25.6348 16.8072 1.12537 16.7695
uni_rrt_star 509 68.6119 39.0794 27.0601 25.6348 16.8072 1.12537 16.7695
uni_rrt_star 510 68.9846 39.0794 27.0601 25.6348 16.8072 1.12537 16.7695
uni_rrt_star 511 69.0138 39.0794 27.0601 25.6348 16.8072 1.12537 16.7695
uni_rrt_star 512 69.1181 39.0794 27.0601 25.6348 16.8072 1.12537 16.7695
uni_rrt_star 513 69.4896 39.0794 27.0601 25.6348 16.8072 1.12537 16.7695
uni_rrt_star 514 69.8258 39.0794 27.0601 25.6348 16.8072 1.12537 16.7695
uni_rrt_star 515 69.9002 39.0794 27.0601 25.6348 16.8072 1.12537 16.7695
uni_rrt_star 516 69.956 39.0794 27.0601 25.6348 16.8072 1.12537 16.7695
uni_rrt_star 517 70.0047 39.0794 27.0601 25.6348 16.8072 1.12537 16.7695
uni_rrt_star 518 70.0533 39.0794 27.0601 25.6348 16.8072 1.12537 16.7695
uni_rrt_star 519 70.0973 39.0794 27.0601 25.6348 16.8072 1.12537 16.7695
uni_rrt_star 520 70.2512 39.0794 27.0601 25.6348 16.8072 1.12537 16.7695
uni_rrt_star 521 70.5626 39.0794 27.0601 25.6348 16.8072 1.12537 16.7695
uni_rrt_star 522 70.6147 39.0794 27.0601 25.6348 16.8072 1.12537 16.7695
uni_rrt_star 523 71.0634 39.0794 27.0601 25.6348 16.8072 1.12537 16.7695
uni_rrt_star 524 71.1717 39.0794 27.0601 25.6348 16.8072 1.12537 16.7695
uni_rrt_star 525 71.4671 39.0794 27.0601 25.6348 16.8072 1.12537 16.7695
uni_rrt_star 526 71.8442 39.0794 27.0601 25.6348 16.8072 1.12537 16.7695
uni_rrt_star 527 72.2054 39.0794 27.0601 25.6348 16.8072 1.12537 16.7695
uni_rrt_star 528 72.5752 39.0794 27.0601 25.6348 16.8072 1.12537 16.7695
uni_rrt_star 529 72.9587 39.0794 27.0601 25.6348 16.8072 1.12537 16.7695
uni_rrt_star 530 73.2633 39.0794 27.0601 25.6348 16.8072 1.12537 16.7695
uni_rrt_star 531 73.4541 39.0794 27.0601 25.6348 16.8072 1.12537 16.7695
uni_rrt_star 532 73.5245 39.0794 27.0601 25.6348 16.8072 1.12537 16.7695
uni_rrt_star 533 73.9036 39.0794 27.0601 25.6348 16.8072 1.12537 16.7695
uni_rrt_star 534 74.309 39.0794 27.0601 25.6348 16.8072 1.12537 16.7695
uni_rrt_star 535 74.4226 39.0794 27.0601 25.6348 16.8072 1.12537 16.7695
uni_rrt_star 536 74.9122 39.0794 27.0601 25.6348 16.8072 1.12537 16.7695
uni_rrt_star 537 75.2723 39.0794 27.0601 25.6348 16.8072 1.12537 16.7695
uni_rrt_star 538 75.6279 39.0794 27.0601 25.6348 16.8072 1.12537 16.7695
uni_rrt_star 539 75.8369 39.0794 27.0601 25.6348 16.8072 1.12537 16.7695
uni_rrt_star 540 75.9146 39.0794 27.0601 25.6348 16.8072 1.12537 16.7695
uni_rrt_star 541 76.0543 39.0794 27.0601 25.6348 16.8072 1.12537 16.7695
uni_rrt_star 542 76.3516 39.0794 27.0601 25.6348 16.8072 1.12537 16.7695
uni_rrt_star 543 76.5316 39.0794 27.0601 25.6348 16.8072 1.12537 16.7695
uni_rrt_star 544 76.7863 39.0794 27.0601 25.6348 16.8072 1.12537 16.7695
uni_rrt_star 545 77.2376 39.0794 27.0601 25.6348 16.8072 1.12537 16.7695
uni_rrt_star 546 77.4037 39.0794 27.0601 25.6348 16.8072 1.12537 16.7695
uni_rrt_star 547 77.7688 39.0794 27.0601 25.6348 16.8072 1.12537 16.7695
uni_rrt_star 548 77.8384 39.0794 27.0601 25.6348 16.8072 1.12537 16.7695
uni_rrt_star 549 78.0217 39.0794 27.0601 25.6348 16.8072 1.12537 16.7695
uni_rrt_star 550 78.0831 39.0794 27.0601 25.6348 16.8072 1.12537 16.7695
uni_rrt_star 551 78.1764 39.0794 27.0601 25.6348 16.8072 1.12537 16.7695
uni_rrt_star 552 78.2337 39.0794 27.0601 25.6348 16.8072 1.12537 16.7695
uni_rrt_star 553 78.3133 39.0794 27.0601 25.6348 16.8072 1.12537 16.7695
uni_rrt_star 554 78.6661 39.0794 27.0601 25.6348 16.8072 1.12537 16.7695
uni_rrt_star 555 78.7224 39.0794 27.0601 25.6348 16.8072 1.12537 16.7695
uni_rrt_star 556 79.118 39.0794 27.0601 25.6348 16.8072 1.12537 16.7695
uni_rrt_star 557 79.3797 39.0794 27.0601 25.6348 16.8072 1.12537 16.7695
uni_rrt_star 558 79.7124 39.0794 27.0601 25.6348 16.8072 1.12537 16.7695
uni_rrt_star 559 79.8751 39.0794 27.0601 25.6348 16.8072 1.12537 16.7695
uni_rrt_star 560 80.3319 39.0794 27.0601 25.6348 16.8072 1.12537 16.7695
uni_rrt_star 561 80.4635 39.0794 27.0601 25.6348 16.8072 1.12537 16.7695
uni_rrt_star 562 80.8553 39.0794 27.0601 25.6348 16.8072 1.12537 16.7695
uni_rrt_star 563 81.2356 39.0794 27.0601 25.6348 16.8072 1.12537 16.7695
uni_rrt_star 564 81.3214 39.0794 27.0601 25.6348 16.8072 1.12537 16.7695
uni_rrt_star 565 81.5243 39.0794 27.0601 25.6348 16.8072 1.12537 16.7695
uni_rrt_star 566 81.643 39.0794 27.0601 25.6348 16.8072 1.12537 16.7695
uni_rrt_star 567 82.0637 39.0794 27.0601 25.6348 16.8072 1.12537 16.7695
uni_rrt_star 568 82.1859 39.0794 27.0601 25.6348 16.8072 1.12537 16.7695
uni_rrt_star 569 82.3389 39.0794 27.0601 25.6348 16.8072 1.12537 16.7695
uni_rrt_star 570 82.6224 39.0794 27.0601 25.6348 16.8072 1.12537 16.7695
uni_rrt_star 571 83.0281 39.0794 27.0601 25.6348 16.8072 1.12537 16.7695
uni_rrt_star 572 83.1599 39.0794 27.0601 25.6348 16.8072 1.12537 16.7695
uni_rrt_star 573 83.5045 39.0794 27.0601 25.6348 16.8072 1.12537 16.7695
uni_rrt_star 574 83.5874 39.0794 27.0601 25.6348 16.8072 1.12537 16.7695
uni_rrt_star 575 83.9226 39.0794 27.0601 25.6348 16.8072 1.12537 16.7695
uni_rrt_star 576 84.096 39.0794 27.0601 25.6348 16.8072 1.12537 16.7695
uni_rrt_star 577 84.3986 39.0794 27.0601 25.6348 16.8072 1.12537 16.7695
uni_rrt_star 578 84.624 39.0794 27.0601 25.6348 16.8072 1.12537 16.7695
uni_rrt_star 579 84.6777 39.0794 27.0601 25.6348 16.8072 1.12537 16.7695
uni_rrt_star 580 84.8885 39.0794 27.0601 25.6348 16.8072 1.12537 16.7695
uni_rrt_star 581 85.3829 39.0794 27.0601 25.6348 16.8072 1.12537 16.7695
uni_rrt_star 582 85.6857 39.0794 27.0601 25.6348 16.8072 1.12537 16.7695
uni_rrt_star 583 86.0316 39.0794 27.0601 25.6348 16.8072 1.12537 16.7695
uni_rrt_star 584 86.2511 39.0794 27.0601 25.6348 16.8072 1.12537 16.7695
uni_rrt_star 585 86.449 39.0794 27.0601 25.6348 16.8072 1.12537 16.7695
uni_rrt_star 586 86.6373 39.0794 27.0601 25.6348 16.8072 1.12537 16.7695
uni_rrt_star 587 86.9624 39.0794 27.0601 25.6348 16.8072 1.12537 16.7695
uni_rrt_star 588 87.3457 39.0794 27.0601 25.6348 16.8072 1.12537 16.7695
uni_rrt_star 589 87.6676 39.0794 27.0601 25.6348 16.8072 1.12537 16.7695
uni_rrt_star 590 88.0167 39.0794 27.0601 25.6348 16.8072 1.12537 16.7695
uni_rrt_star 591 88.0831 39.0794 27.0601 25.6348 16.8072 1.12537 16.7695
uni_rrt_star 592 88.2921 39.0794 27.0601 25.6348 16.8072 1.12537 16.7695
uni_rrt_star 593 88.5582 39.0794 27.0601 25.6348 16.8072 1.12537 16.7695
uni_rrt_star 594 88.8993 39.0794 27.0601 25.6348 16.8072 1.12537 16.7695
uni_rrt_star 595 88.9643 39.0794 27.0601 25.6348 16.8072 1.12537 16.7695
uni_rrt_star 596 89.3145 39.0794 27.0601 25.6348 16.8072 1.12537 16.7695
uni_rrt_star 597 89.4768 39.0794 27.0601 25.6348 16.8072 1.12537 16.7695
uni_rrt_star 598 89.5233 39.0794 27.0601 25.6348 16.8072 1.12537 16.7695
uni_rrt_star 599 89.8557 39.0794 27.0601 25.6348 16.8072 1.12537 16.7695
uni_rrt_star 600 90.2483 39.0794 27.0601 25.6348 16.8072 1.12537 16.7695
uni_rrt_star 601 90.4172 39.0794 27.0601 25.6348 16.8072 1.12537 16.7695
uni_rrt_star 602 90.7951 39.0794 27.0601 25.6348 16.8072 1.12537 16.7695
uni_rrt_star 603 91.126 39.0794 27.0601 25.6348 16.8072 1.12537 16.7695
uni_rrt_star 604 91.5612 39.0794 27.0601 25.6348 16.8072 1.12537 16.7695
uni_rrt_star 605 91.7741 39.0794 27.0601 25.6348 16.8072 1.12537 16.7695
uni_rrt_star 606 92.0823 39.0794 27.0601 25.6348 16.8072 1.12537 16.7695
uni_rrt_star 607 92.2637 39.0794 27.0601 25.6348 16.8072 1.12537 16.7695
uni_rrt_star 608 92.3447 39.0794 27.0601 25.6348 16.8072 1.12537 16.7695
uni_rrt_star 609 92.7773 39.0794 27.0601 25.6348 16.8072 1.12537 16.7695
uni_rrt_star 610 93.0628 39.0794 27.0601 25.6348 16.8072 1.12537 16.7695
uni_rrt_star 611 93.4702 39.0794 27.0601 25.6348 16.8072 1.12537 16.7695
uni_rrt_star 612 93.7372 39.0794 27.0601 25.6348 16.8072 1.12537 16.7695
uni_rrt_star 613 94.207 39.0794 27.0601 25.6348 16.8072 1.12537 16.7695
uni_rrt_star 614 94.6031 39.0794 27.0601 25.6348 16.8072 1.12537 16.7695
uni_rrt_star 615 94.7716 39.0794 27.0601 25.6348 16.8072 1.12537 16.7695
uni_rrt_star 616 94.8315 39.0794 27.0601 25.6348 16.8072 1.12537 16.7695
uni_rrt_star 617 95.2029 39.0794 27.0601 25.6348 16.8072 1.12537 16.7695
uni_rrt_star 618 95.4829 39.0794 27.0601 25.6348 16.8072 1.12537 16.7695
uni_rrt_star 619 95.5541 39.0794 27.0601 25.6348 16.8072 1.12537 16.7695
uni_rrt_star 620 95.9337 39.0794 27.0601 25.6348 16.8072 1.12537 16.7695
uni_rrt_star 621 96.095 39.0794 27.0601 25.6348 16.8072 1.12537 16.7695
uni_rrt_star 622 96.3475 39.0794 27.0601 25.6348 16.8072 1.12537 16.7695
uni_rrt_star 623 96.657 39.0794 27.0601 25.6348 16.8072 1.12537 16.7695
uni_rrt_star 624 96.75 39.0794 27.0601 25.6348 16.8072 1.12537 16.7695
uni_rrt_star 625 96.8239 39.0794 27.0601 25.6348 16.8072 1.12537 16.7695
uni_rrt_star 626 96.882 39.0794 27.0601 25.6348 16.8072 1.12537 16.7695
uni_rrt_star 627 97.2286 39.0794 27.0601 25.6348 16.8072 1.12537 16.7695
uni_rrt_star 628 97.5968 39.0794 27.0601 25.6348 16.8072 1.12537 16.7695
uni_rrt_star 629 97.9765 39.0794 27.0601 25.6348 16.8072 1.12537 16.7695
uni_rrt_star 630 98.3233 39.0794 27.0601 25.6348 16.8072 1.12537 16.7695
uni_rrt_star 631 98.6478 39.0794 27.0601 25.6348 16.8072 1.12537 16.7695
uni_rrt_star 632 98.7376 39.0794 27.0601 25.6348 16.8072 1.12537 16.7695
uni_rrt_star 633 98.7925 39.0794 27.0601 25.6348 16.8072 1.12537 16.7695
uni_rrt_star 634 99.0257 39.0794 27.0601 25.6348 16.8072 1.12537 16.7695
uni_rrt_star 635 99.0796 39.0794 27.0601 25.6348 16.8072 1.12537 16.7695
uni_rrt_star 636 99.4444 39.0794 27.0601 25.6348 16.8072 1.12537 16.7695
uni_rrt_star 637 99.5876 39.0794 27.0601 25.6348 16.8072 1.12537 16.7695
uni_rrt_star 638 100.003 39.0794 27.0601 25.6348 16.8072 1.12537 16.7695
uni_rrt_star 639 100.066 39.0794 27.0601 25.6348 16.8072 1.12537 16.7695
uni_rrt_star 640 100.449 39.0794 27.0601 25.6348 16.8072 1.12537 16.7695
uni_rrt_star 641 100.709 39.0794 27.0601 25.6348 16.8072 1.12537 16.7695
uni_rrt_star 642 100.923 39.0794 27.0601 25.6348 16.8072 1.12537 16.7695
uni_rrt_star 643 101.305 39.0794 27.0601 25.6348 16.8072 1.12537 16.7695
uni_rrt_star 644 101.325 39.0794 27.0601 25.6348 16.8072 1.12537 16.7695
uni_rrt_star 645 101.385 39.0794 27.0601 25.6348 16.8072 1.12537 16.7695
uni_rrt_star 646 101.445 39.0794 27.0601 25.6348 16.8072 1.12537 16.7695
uni_rrt_star 647 101.61 39.0794 27.0601 25.6348 16.8072 1.12537 16.7695
uni_rrt_star 648 101.684 39.0794 27.0601 25.6348 16.8072 1.12537 16.7695
uni_rrt_star 649 101.914 39.0794 27.0601 25.6348 16.8072 1.12537 16.7695
uni_rrt_star 650 101.992 39.0794 27.0601 25.6348 16.8072 1.12537 16.7695
uni_rrt_star 651 102.353 39.0794 27.0601 25.6348 16.8072 1.12537 16.7695
uni_rrt_star 652 102.471 39.0794 27.0601 25.6348 16.8072 1.12537 16.7695
uni_rrt_star 653 102.858 39.0794 27.0601 25.6348 16.8072 1.12537 16.7695
uni_rrt_star 654 103.228 39.0794 27.0601 25.6348 16.8072 1.12537 16.7695
uni_rrt_star 655 103.278 39.0794 27.0601 25.6348 16.8072 1.12537 16.7695
uni_rrt_star 656 103.364 39.0794 27.0601 25.6348 16.8072 1.12537 16.7695
uni_rrt_star 657 103.429 39.0794 27.0601 25.6348 16.8072 1.12537 16.7695
uni_rrt_star 658 103.454 39.0794 27.0601 25.6348 16.8072 1.12537 16.7695
uni_rrt_star 659 103.517 39.0794 27.0601 25.6348 16.8072 1.12537 16.7695
uni_rrt_star 660 103.554 39.0794 27.0601 25.6348 16.8072 1.12537 16.7695
uni_rrt_star 661 103.941 39.0794 27.0601 25.6348 16.8072 1.12537 16.7695
uni_rrt_star 662 104.114 39.0794 27.0601 25.6348 16.8072 1.12537 16.7695
uni_rrt_star 663 104.173 39.0794 27.0601 25.6348 16.8072 1.12537 16.7695
uni_rrt_star 664 104.522 39.0794 27.0601 25.6348 16.8072 1.12537 16.7695
uni_rrt_star 665 104.757 39.0794 27.0601 25.6348 16.8072 1.12537 16.7695
uni_rrt_star 666 104.831 39.0794 27.0601 25.6348 16.8072 1.12537 16.7695
uni_rrt_star 667 105.215 39.0794 27.0601 25.6348 16.8072 1.12537 16.7695
uni_rrt_star 668 105.57 39.0794 27.0601 25.6348 16.8072 1.12537 16.7695
uni_rrt_star 669 105.624 39.0794 27.0601 25.6348 16.8072 1.12537 16.7695
uni_rrt_star 670 106.012 39.0794 27.0601 25.6348 16.8072 1.12537 16.7695
uni_rrt_star 671 106.422 39.0794 27.0601 25.6348 16.8072 1.12537 16.7695
uni_rrt_star 672 106.471 39.0794 27.0601 25.6348 16.8072 1.12537 16.7695
uni_rrt_star 673 106.531 39.0794 27.0601 25.6348 16.8072 1.12537 16.7695
uni_rrt_star 674 106.852 39.0794 27.0601 25.6348 16.8072 1.12537 16.7695
uni_rrt_star 675 107.251 39.0794 27.0601 25.6348 16.8072 1.12537 16.7695
uni_rrt_star 676 107.479 39.0794 27.0601 25.6348 16.8072 1.12537 16.7695
uni_rrt_star 677 107.773 39.0794 27.0601 25.6348 16.8072 1.12537 16.7695
uni_rrt_star 678 108.193 39.0794 27.0601 25.6348 16.8072 1.12537 16.7695
uni_rrt_star 679 108.523 39.0794 27.0601 25.6348 16.8072 1.12537 16.7695
uni_rrt_star 680 108.586 39.0794 27.0601 25.6348 16.8072 1.12537 16.7695
uni_rrt_star 681 108.67 39.0794 27.0601 25.6348 16.8072 1.12537 16.7695
uni_rrt_star 682 108.728 39.0794 27.0601 25.6348 16.8072 1.12537 16.7695
uni_rrt_star 683 109.083 39.0794 27.0601 25.6348 16.8072 1.12537 16.7695
uni_rrt_star 684 109.458 39.0794 27.0601 25.6348 16.8072 1.12537 16.7695
uni_rrt_star 685 109.808 39.0794 27.0601 25.6348 16.8072 1.12537 16.7695
uni_rrt_star 686 109.861 39.0794 27.0601 25.6348 16.8072 1.12537 16.7695
uni_rrt_star 687 110.239 39.0794 27.0601 25.6348 16.8072 1.12537 16.7695
uni_rrt_star 688 110.384 39.0794 27.0601 25.6348 16.8072 1.12537 16.7695
uni_rrt_star 689 110.748 39.0794 27.0601 25.6348 16.8072 1.12537 16.7695
uni_rrt_star 690 111.07 39.0794 27.0601 25.6348 16.8072 1.12537 16.7695
uni_rrt_star 691 111.347 39.0794 27.0601 25.6348 16.8072 1.12537 16.7695
uni_rrt_star 692 111.547 39.0794 27.0601 25.6348 16.8072 1.12537 16.7695
uni_rrt_star 693 111.921 39.0794 27.0601 25.6348 16.8072 1.12537 16.7695
uni_rrt_star 694 112.288 39.0794 27.0601 25.6348 16.8072 1.12537 16.7695
uni_rrt_star 695 112.363 39.0794 27.0601 25.6348 16.8072 1.12537 16.7695
uni_rrt_star 696 112.542 39.0794 27.0601 25.6348 16.8072 1.12537 16.7695
uni_rrt_star 697 112.884 39.0794 27.0601 25.6348 16.8072 1.12537 16.7695
uni_rrt_star 698 113.083 39.0794 27.0601 25.6348 16.8072 1.12537 16.7695
uni_rrt_star 699 113.477 39.0794 27.0601 25.6348 16.8072 1.12537 16.7695
uni_rrt_star 700 113.816 39.0794 27.0601 25.6348 16.8072 1.12537 16.7695
uni_rrt_star 701 114.197 39.0794 27.0601 25.6348 16.8072 1.12537 16.7695
uni_rrt_star 702 114.597 39.0794 27.0601 25.6348 16.8072 1.12537 16.7695
uni_rrt_star 703 114.965 39.0794 27.0601 25.6348 16.8072 1.12537 16.7695
uni_rrt_star 704 115.086 39.0794 27.0601 25.6348 16.8072 1.12537 16.7695
uni_rrt_star 705 115.35 39.0794 27.0601 25.6348 16.8072 1.12537 16.7695
uni_rrt_star 706 115.726 39.0794 27.0601 25.6348 16.8072 1.12537 16.7695
uni_rrt_star 707 116.1 39.0794 27.0601 25.6348 16.8072 1.12537 16.7695
uni_rrt_star 708 116.37 39.0794 27.0601 25.6348 16.8072 1.12537 16.7695
uni_rrt_star 709 116.41 39.0794 27.0601 25.6348 16.8072 1.12537 16.7695
uni_rrt_star 710 116.773 39.0794 27.0601 25.6348 16.8072 1.12537 16.7695
uni_rrt_star 711 117.124 39.0794 27.0601 25.6348 16.8072 1.12537 16.7695
uni_rrt_star 712 117.224 39.0794 27.0601 25.6348 16.8072 1.12537 16.7695
uni_rrt_star 713 117.437 39.0794 27.0601 25.6348 16.8072 1.12537 16.7695
uni_rrt_star 714 117.783 39.0794 27.0601 25.6348 16.8072 1.12537 16.7695
uni_rrt_star 715 118.097 39.0794 27.0601 25.6348 16.8072 1.12537 16.7695
uni_rrt_star 716 118.197 39.0794 27.0601 25.6348 16.8072 1.12537 16.7695
uni_rrt_star 717 118.229 39.0794 27.0601 25.6348 16.8072 1.12537 16.7695
uni_rrt_star 718 118.34 39.0794 27.0601 25.6348 16.8072 1.12537 16.7695
uni_rrt_star 719 118.453 39.0794 27.0601 25.6348 16.8072 1.12537 16.7695
uni_rrt_star 720 118.501 39.0794 27.0601 25.6348 16.8072 1.12537 16.7695
uni_rrt_star 721 118.846 39.0794 27.0601 25.6348 16.8072 1.12537 16.7695
uni_rrt_star 722 119.191 39.0794 27.0601 25.6348 16.8072 1.12537 16.7695
uni_rrt_star 723 119.528 39.0794 27.0601 25.6348 16.8072 1.12537 16.7695
uni_rrt_star 724 119.661 39.0794 27.0601 25.6348 16.8072 1.12537 16.7695
uni_rrt_star 725 119.781 39.0794 27.0601 25.6348 16.8072 1.12537 16.7695
uni_rrt_star 726 119.955 39.0794 27.0601 25.6348 16.8072 1.12537 16.7695
uni_rrt_star 727 120.006 39.0794 27.0601 25.6348 16.8072 1.12537 16.7695
