planner_name iteration planning_time_elapsed cost_solution_total cost_solution_revolute cost_solution_prismatic theoretical_cost_total theoretical_cost_revolute theoretical_cost_prismatic
bi_rrt_star 1 0.059078 23.9712 14.2211 18.3903 16.8072 1.12537 16.7695
bi_rrt_star 2 0.122384 23.9712 14.2211 18.3903 16.8072 1.12537 16.7695
bi_rrt_star 3 0.179199 23.9712 14.2211 18.3903 16.8072 1.12537 16.7695
bi_rrt_star 4 0.242774 23.9712 14.2211 18.3903 16.8072 1.12537 16.7695
bi_rrt_star 5 0.359143 23.8553 14.4723 18.0101 16.8072 1.12537 16.7695
bi_rrt_star 6 0.411562 23.8553 14.4723 18.0101 16.8072 1.12537 16.7695
bi_rrt_star 7 0.465766 23.8553 14.4723 18.0101 16.8072 1.12537 16.7695
bi_rrt_star 8 0.517848 23.8553 14.4723 18.0101 16.8072 1.12537 16.7695
bi_rrt_star 9 0.531986 23.8553 14.4723 18.0101 16.8072 1.12537 16.7695
bi_rrt_star 10 0.597275 23.8553 14.4723 18.0101 16.8072 1.12537 16.7695
bi_rrt_star 11 0.645281 23.8553 14.4723 18.0101 16.8072 1.12537 16.7695
bi_rrt_star 12 0.746316 23.8553 14.4723 18.0101 16.8072 1.12537 16.7695
bi_rrt_star 13 0.796922 23.8553 14.4723 18.0101 16.8072 1.12537 16.7695
bi_rrt_star 14 0.822001 23.8553 14.4723 18.0101 16.8072 1.12537 16.7695
bi_rrt_star 15 1.05101 23.0522 13.7698 17.6876 16.8072 1.12537 16.7695
bi_rrt_star 16 1.1145 23.0522 13.7698 17.6876 16.8072 1.12537 16.7695
bi_rrt_star 17 1.16123 23.0522 13.7698 17.6876 16.8072 1.12537 16.7695
bi_rrt_star 18 1.21384 23.0522 13.7698 17.6876 16.8072 1.12537 16.7695
bi_rrt_star 19 1.26524 23.0522 13.7698 17.6876 16.8072 1.12537 16.7695
bi_rrt_star 20 1.30263 23.0522 13.7698 17.6876 16.8072 1.12537 16.7695
bi_rrt_star 21 1.34867 23.0522 13.7698 17.6876 16.8072 1.12537 16.7695
bi_rrt_star 22 1.40385 23.0522 13.7698 17.6876 16.8072 1.12537 16.7695
bi_rrt_star 23 1.4603 23.0522 13.7698 17.6876 16.8072 1.12537 16.7695
bi_rrt_star 24 1.52756 23.0522 13.7698 17.6876 16.8072 1.12537 16.7695
bi_rrt_star 25 1.57538 23.0522 13.7698 17.6876 16.8072 1.12537 16.7695
bi_rrt_star 26 1.63862 23.0522 13.7698 17.6876 16.8072 1.12537 16.7695
bi_rrt_star 27 1.69023 23.0522 13.7698 17.6876 16.8072 1.12537 16.7695
bi_rrt_star 28 1.81216 23.0522 13.7698 17.6876 16.8072 1.12537 16.7695
bi_rrt_star 29 1.87445 23.0522 13.7698 17.6876 16.8072 1.12537 16.7695
bi_rrt_star 30 1.92596 23.0522 13.7698 17.6876 16.8072 1.12537 16.7695
bi_rrt_star 31 1.99182 23.0522 13.7698 17.6876 16.8072 1.12537 16.7695
bi_rrt_star 32 2.04927 23.0522 13.7698 17.6876 16.8072 1.12537 16.7695
bi_rrt_star 33 2.09517 23.0522 13.7698 17.6876 16.8072 1.12537 16.7695
bi_rrt_star 34 2.12224 23.0522 13.7698 17.6876 16.8072 1.12537 16.7695
bi_rrt_star 35 2.17297 23.0522 13.7698 17.6876 16.8072 1.12537 16.7695
bi_rrt_star 36 2.39488 23.0522 13.7698 17.6876 16.8072 1.12537 16.7695
bi_rrt_star 37 2.45786 23.0522 13.7698 17.6876 16.8072 1.12537 16.7695
bi_rrt_star 38 2.51035 23.0522 13.7698 17.6876 16.8072 1.12537 16.7695
bi_rrt_star 39 2.55404 23.0522 13.7698 17.6876 16.8072 1.12537 16.7695
bi_rrt_star 40 2.60403 23.0522 13.7698 17.6876 16.8072 1.12537 16.7695
bi_rrt_star 41 2.65609 23.0522 13.7698 17.6876 16.8072 1.12537 16.7695
bi_rrt_star 42 2.7014 23.0522 13.7698 17.6876 16.8072 1.12537 16.7695
bi_rrt_star 43 2.8046 23.0522 13.7698 17.6876 16.8072 1.12537 16.7695
bi_rrt_star 44 2.88215 23.0522 13.7698 17.6876 16.8072 1.12537 16.7695
bi_rrt_star 45 2.93393 23.0522 13.7698 17.6876 16.8072 1.12537 16.7695
bi_rrt_star 46 2.98527 23.0522 13.7698 17.6876 16.8072 1.12537 16.7695
bi_rrt_star 47 3.04466 23.0522 13.7698 17.6876 16.8072 1.12537 16.7695
bi_rrt_star 48 3.09128 23.0522 13.7698 17.6876 16.8072 1.12537 16.7695
bi_rrt_star 49 3.15427 23.0522 13.7698 17.6876 16.8072 1.12537 16.7695
bi_rrt_star 50 3.20677 23.0522 13.7698 17.6876 16.8072 1.12537 16.7695
bi_rrt_star 51 3.25401 23.0522 13.7698 17.6876 16.8072 1.12537 16.7695
bi_rrt_star 52 3.30787 23.0522 13.7698 17.6876 16.8072 1.12537 16.7695
bi_rrt_star 53 3.37639 23.0522 13.7698 17.6876 16.8072 1.12537 16.7695
bi_rrt_star 54 3.43495 23.0522 13.7698 17.6876 16.8072 1.12537 16.7695
bi_rrt_star 55 3.48765 23.0522 13.7698 17.6876 16.8072 1.12537 16.7695
bi_rrt_star 56 3.54257 23.0522 13.7698 17.6876 16.8072 1.12537 16.7695
bi_rrt_star 57 3.59105 23.0522 13.7698 17.6876 16.8072 1.12537 16.7695
bi_rrt_star 58 3.64466 23.0522 13.7698 17.6876 16.8072 1.12537 16.7695
bi_rrt_star 59 3.70481 23.0522 13.7698 17.6876 16.8072 1.12537 16.7695
bi_rrt_star 60 3.75114 23.0522 13.7698 17.6876 16.8072 1.12537 16.7695
bi_rrt_star 61 3.80296 23.0522 13.7698 17.6876 16.8072 1.12537 16.7695
bi_rrt_star 62 3.84812 23.0522 13.7698 17.6876 16.8072 1.12537 16.7695
bi_rrt_star 63 3.89932 23.0522 13.7698 17.6876 16.8072 1.12537 16.7695
bi_rrt_star 64 3.95254 23.0522 13.7698 17.6876 16.8072 1.12537 16.7695
bi_rrt_star 65 3.99936 23.0522 13.7698 17.6876 16.8072 1.12537 16.7695
bi_rrt_star 66 4.08788 23.0522 13.7698 17.6876 16.8072 1.12537 16.7695
bi_rrt_star 67 4.13756 23.0522 13.7698 17.6876 16.8072 1.12537 16.7695
bi_rrt_star 68 4.18413 23.0522 13.7698 17.6876 16.8072 1.12537 16.7695
bi_rrt_star 69 4.23311 23.0522 13.7698 17.6876 16.8072 1.12537 16.7695
bi_rrt_star 70 4.2838 23.0522 13.7698 17.6876 16.8072 1.12537 16.7695
bi_rrt_star 71 4.343 23.0522 13.7698 17.6876 16.8072 1.12537 16.7695
bi_rrt_star 72 4.39821 23.0522 13.7698 17.6876 16.8072 1.12537 16.7695
bi_rrt_star 73 4.74973 23.0522 13.7698 17.6876 16.8072 1.12537 16.7695
bi_rrt_star 74 4.81173 23.0522 13.7698 17.6876 16.8072 1.12537 16.7695
bi_rrt_star 75 5.02903 23.0522 13.7698 17.6876 16.8072 1.12537 16.7695
bi_rrt_star 76 5.06961 23.0522 13.7698 17.6876 16.8072 1.12537 16.7695
bi_rrt_star 77 5.11819 23.0522 13.7698 17.6876 16.8072 1.12537 16.7695
bi_rrt_star 78 5.21565 23.0522 13.7698 17.6876 16.8072 1.12537 16.7695
bi_rrt_star 79 5.27018 23.0522 13.7698 17.6876 16.8072 1.12537 16.7695
bi_rrt_star 80 5.32817 23.0522 13.7698 17.6876 16.8072 1.12537 16.7695
bi_rrt_star 81 5.67796 23.0522 13.7698 17.6876 16.8072 1.12537 16.7695
bi_rrt_star 82 5.92491 23.0522 13.7698 17.6876 16.8072 1.12537 16.7695
bi_rrt_star 83 6.10321 23.0522 13.7698 17.6876 16.8072 1.12537 16.7695
bi_rrt_star 84 6.13508 23.0522 13.7698 17.6876 16.8072 1.12537 16.7695
bi_rrt_star 85 6.19344 23.0522 13.7698 17.6876 16.8072 1.12537 16.7695
bi_rrt_star 86 6.40348 23.0522 13.7698 17.6876 16.8072 1.12537 16.7695
bi_rrt_star 87 6.56042 23.0522 13.7698 17.6876 16.8072 1.12537 16.7695
bi_rrt_star 88 6.6118 23.0522 13.7698 17.6876 16.8072 1.12537 16.7695
bi_rrt_star 89 6.6882 23.0522 13.7698 17.6876 16.8072 1.12537 16.7695
bi_rrt_star 90 6.74329 23.0522 13.7698 17.6876 16.8072 1.12537 16.7695
bi_rrt_star 91 6.89912 23.0522 13.7698 17.6876 16.8072 1.12537 16.7695
bi_rrt_star 92 6.9389 23.0522 13.7698 17.6876 16.8072 1.12537 16.7695
bi_rrt_star 93 7.18253 23.0522 13.7698 17.6876 16.8072 1.12537 16.7695
bi_rrt_star 94 7.23533 23.0522 13.7698 17.6876 16.8072 1.12537 16.7695
bi_rrt_star 95 7.3736 23.0522 13.7698 17.6876 16.8072 1.12537 16.7695
bi_rrt_star 96 7.4197 23.0522 13.7698 17.6876 16.8072 1.12537 16.7695
bi_rrt_star 97 7.48564 23.0522 13.7698 17.6876 16.8072 1.12537 16.7695
bi_rrt_star 98 7.54162 23.0522 13.7698 17.6876 16.8072 1.12537 16.7695
bi_rrt_star 99 7.68041 23.0522 13.7698 17.6876 16.8072 1.12537 16.7695
bi_rrt_star 100 7.87006 23.0522 13.7698 17.6876 16.8072 1.12537 16.7695
bi_rrt_star 101 7.92144 23.0522 13.7698 17.6876 16.8072 1.12537 16.7695
bi_rrt_star 102 7.9856 23.0522 13.7698 17.6876 16.8072 1.12537 16.7695
bi_rrt_star 103 8.35609 23.0522 13.7698 17.6876 16.8072 1.12537 16.7695
bi_rrt_star 104 8.41452 23.0522 13.7698 17.6876 16.8072 1.12537 16.7695
bi_rrt_star 105 8.49205 23.0522 13.7698 17.6876 16.8072 1.12537 16.7695
bi_rrt_star 106 8.5574 23.0522 13.7698 17.6876 16.8072 1.12537 16.7695
bi_rrt_star 107 8.61608 23.0522 13.7698 17.6876 16.8072 1.12537 16.7695
bi_rrt_star 108 8.67037 23.0522 13.7698 17.6876 16.8072 1.12537 16.7695
bi_rrt_star 109 8.78492 23.0522 13.7698 17.6876 16.8072 1.12537 16.7695
bi_rrt_star 110 8.84375 23.0522 13.7698 17.6876 16.8072 1.12537 16.7695
bi_rrt_star 111 8.8993 23.0522 13.7698 17.6876 16.8072 1.12537 16.7695
bi_rrt_star 112 8.91965 23.0522 13.7698 17.6876 16.8072 1.12537 16.7695
bi_rrt_star 113 8.97857 23.0522 13.7698 17.6876 16.8072 1.12537 16.7695
bi_rrt_star 114 9.04331 23.0522 13.7698 17.6876 16.8072 1.12537 16.7695
bi_rrt_star 115 9.09761 23.0522 13.7698 17.6876 16.8072 1.12537 16.7695
bi_rrt_star 116 9.14967 23.0522 13.7698 17.6876 16.8072 1.12537 16.7695
bi_rrt_star 117 9.19008 23.0522 13.7698 17.6876 16.8072 1.12537 16.7695
bi_rrt_star 118 9.47545 23.0522 13.7698 17.6876 16.8072 1.12537 16.7695
bi_rrt_star 119 9.54722 23.0522 13.7698 17.6876 16.8072 1.12537 16.7695
bi_rrt_star 120 9.6111 23.0522 13.7698 17.6876 16.8072 1.12537 16.7695
bi_rrt_star 121 9.6797 23.0522 13.7698 17.6876 16.8072 1.12537 16.7695
bi_rrt_star 122 9.84343 23.0522 13.7698 17.6876 16.8072 1.12537 16.7695
bi_rrt_star 123 9.90155 23.0522 13.7698 17.6876 16.8072 1.12537 16.7695
bi_rrt_star 124 10.1132 23.0522 13.7698 17.6876 16.8072 1.12537 16.7695
bi_rrt_star 125 10.1593 23.0522 13.7698 17.6876 16.8072 1.12537 16.7695
bi_rrt_star 126 10.2579 23.0522 13.7698 17.6876 16.8072 1.12537 16.7695
bi_rrt_star 127 10.3171 23.0522 13.7698 17.6876 16.8072 1.12537 16.7695
bi_rrt_star 128 10.3636 23.0522 13.7698 17.6876 16.8072 1.12537 16.7695
bi_rrt_star 129 10.7582 23.0522 13.7698 17.6876 16.8072 1.12537 16.7695
bi_rrt_star 130 10.8074 23.0522 13.7698 17.6876 16.8072 1.12537 16.7695
bi_rrt_star 131 10.8561 23.0522 13.7698 17.6876 16.8072 1.12537 16.7695
bi_rrt_star 132 10.9198 23.0522 13.7698 17.6876 16.8072 1.12537 16.7695
bi_rrt_star 133 11.079 23.0522 13.7698 17.6876 16.8072 1.12537 16.7695
bi_rrt_star 134 11.206 23.0522 13.7698 17.6876 16.8072 1.12537 16.7695
bi_rrt_star 135 11.2594 23.0522 13.7698 17.6876 16.8072 1.12537 16.7695
bi_rrt_star 136 11.3197 23.0522 13.7698 17.6876 16.8072 1.12537 16.7695
bi_rrt_star 137 11.3721 23.0522 13.7698 17.6876 16.8072 1.12537 16.7695
bi_rrt_star 138 11.4666 23.0522 13.7698 17.6876 16.8072 1.12537 16.7695
bi_rrt_star 139 11.6103 23.0522 13.7698 17.6876 16.8072 1.12537 16.7695
bi_rrt_star 140 11.6645 23.0522 13.7698 17.6876 16.8072 1.12537 16.7695
bi_rrt_star 141 11.755 23.0522 13.7698 17.6876 16.8072 1.12537 16.7695
bi_rrt_star 142 11.8085 23.0522 13.7698 17.6876 16.8072 1.12537 16.7695
bi_rrt_star 143 11.8442 23.0522 13.7698 17.6876 16.8072 1.12537 16.7695
bi_rrt_star 144 11.9046 23.0522 13.7698 17.6876 16.8072 1.12537 16.7695
bi_rrt_star 145 11.9701 23.0522 13.7698 17.6876 16.8072 1.12537 16.7695
bi_rrt_star 146 12.0171 23.0522 13.7698 17.6876 16.8072 1.12537 16.7695
bi_rrt_star 147 12.1774 23.0522 13.7698 17.6876 16.8072 1.12537 16.7695
bi_rrt_star 148 12.2383 23.0522 13.7698 17.6876 16.8072 1.12537 16.7695
bi_rrt_star 149 12.297 23.0522 13.7698 17.6876 16.8072 1.12537 16.7695
bi_rrt_star 150 12.3563 23.0522 13.7698 17.6876 16.8072 1.12537 16.7695
bi_rrt_star 151 12.4072 23.0522 13.7698 17.6876 16.8072 1.12537 16.7695
bi_rrt_star 152 12.4578 23.0522 13.7698 17.6876 16.8072 1.12537 16.7695
bi_rrt_star 153 12.522 23.0522 13.7698 17.6876 16.8072 1.12537 16.7695
bi_rrt_star 154 12.5679 23.0522 13.7698 17.6876 16.8072 1.12537 16.7695
bi_rrt_star 155 12.6234 23.0522 13.7698 17.6876 16.8072 1.12537 16.7695
bi_rrt_star 156 12.7641 23.0522 13.7698 17.6876 16.8072 1.12537 16.7695
bi_rrt_star 157 12.8205 23.0522 13.7698 17.6876 16.8072 1.12537 16.7695
bi_rrt_star 158 12.8817 23.0522 13.7698 17.6876 16.8072 1.12537 16.7695
bi_rrt_star 159 12.9321 23.0522 13.7698 17.6876 16.8072 1.12537 16.7695
bi_rrt_star 160 12.9837 23.0522 13.7698 17.6876 16.8072 1.12537 16.7695
bi_rrt_star 161 13.3033 23.0522 13.7698 17.6876 16.8072 1.12537 16.7695
bi_rrt_star 162 13.3731 23.0522 13.7698 17.6876 16.8072 1.12537 16.7695
bi_rrt_star 163 13.435 23.0522 13.7698 17.6876 16.8072 1.12537 16.7695
bi_rrt_star 164 13.4936 23.0522 13.7698 17.6876 16.8072 1.12537 16.7695
bi_rrt_star 165 13.5727 23.0522 13.7698 17.6876 16.8072 1.12537 16.7695
bi_rrt_star 166 13.7609 23.0522 13.7698 17.6876 16.8072 1.12537 16.7695
bi_rrt_star 167 13.8339 23.0522 13.7698 17.6876 16.8072 1.12537 16.7695
bi_rrt_star 168 13.9307 23.0522 13.7698 17.6876 16.8072 1.12537 16.7695
bi_rrt_star 169 13.9878 23.0522 13.7698 17.6876 16.8072 1.12537 16.7695
bi_rrt_star 170 14.0458 23.0522 13.7698 17.6876 16.8072 1.12537 16.7695
bi_rrt_star 171 14.0997 23.0522 13.7698 17.6876 16.8072 1.12537 16.7695
bi_rrt_star 172 14.1441 23.0522 13.7698 17.6876 16.8072 1.12537 16.7695
bi_rrt_star 173 14.4832 23.0522 13.7698 17.6876 16.8072 1.12537 16.7695
bi_rrt_star 174 14.5707 23.0522 13.7698 17.6876 16.8072 1.12537 16.7695
bi_rrt_star 175 14.637 23.0522 13.7698 17.6876 16.8072 1.12537 16.7695
bi_rrt_star 176 15.0456 23.0522 13.7698 17.6876 16.8072 1.12537 16.7695
bi_rrt_star 177 15.0988 23.0522 13.7698 17.6876 16.8072 1.12537 16.7695
bi_rrt_star 178 15.5398 23.0522 13.7698 17.6876 16.8072 1.12537 16.7695
bi_rrt_star 179 15.5565 23.0522 13.7698 17.6876 16.8072 1.12537 16.7695
bi_rrt_star 180 15.6102 23.0522 13.7698 17.6876 16.8072 1.12537 16.7695
bi_rrt_star 181 15.6833 23.0522 13.7698 17.6876 16.8072 1.12537 16.7695
bi_rrt_star 182 16.0276 23.0522 13.7698 17.6876 16.8072 1.12537 16.7695
bi_rrt_star 183 16.3156 23.0522 13.7698 17.6876 16.8072 1.12537 16.7695
bi_rrt_star 184 16.3603 23.0522 13.7698 17.6876 16.8072 1.12537 16.7695
bi_rrt_star 185 16.4164 23.0522 13.7698 17.6876 16.8072 1.12537 16.7695
bi_rrt_star 186 16.4882 23.0522 13.7698 17.6876 16.8072 1.12537 16.7695
bi_rrt_star 187 16.5609 23.0522 13.7698 17.6876 16.8072 1.12537 16.7695
bi_rrt_star 188 16.6378 23.0522 13.7698 17.6876 16.8072 1.12537 16.7695
bi_rrt_star 189 16.7356 23.0522 13.7698 17.6876 16.8072 1.12537 16.7695
bi_rrt_star 190 16.7834 23.0522 13.7698 17.6876 16.8072 1.12537 16.7695
bi_rrt_star 191 17.1665 23.0522 13.7698 17.6876 16.8072 1.12537 16.7695
bi_rrt_star 192 17.2923 23.0522 13.7698 17.6876 16.8072 1.12537 16.7695
bi_rrt_star 193 17.3113 23.0522 13.7698 17.6876 16.8072 1.12537 16.7695
bi_rrt_star 194 17.361 23.0522 13.7698 17.6876 16.8072 1.12537 16.7695
bi_rrt_star 195 17.5548 23.0522 13.7698 17.6876 16.8072 1.12537 16.7695
bi_rrt_star 196 17.6167 23.0522 13.7698 17.6876 16.8072 1.12537 16.7695
bi_rrt_star 197 17.7056 23.0522 13.7698 17.6876 16.8072 1.12537 16.7695
bi_rrt_star 198 17.7623 23.0522 13.7698 17.6876 16.8072 1.12537 16.7695
bi_rrt_star 199 17.8286 23.0522 13.7698 17.6876 16.8072 1.12537 16.7695
bi_rrt_star 200 17.9686 23.0522 13.7698 17.6876 16.8072 1.12537 16.7695
bi_rrt_star 201 18.0167 23.0522 13.7698 17.6876 16.8072 1.12537 16.7695
bi_rrt_star 202 18.1838 23.0522 13.7698 17.6876 16.8072 1.12537 16.7695
bi_rrt_star 203 18.2603 23.0522 13.7698 17.6876 16.8072 1.12537 16.7695
bi_rrt_star 204 18.3272 23.0522 13.7698 17.6876 16.8072 1.12537 16.7695
bi_rrt_star 205 18.4719 23.0522 13.7698 17.6876 16.8072 1.12537 16.7695
bi_rrt_star 206 18.6176 23.0522 13.7698 17.6876 16.8072 1.12537 16.7695
bi_rrt_star 207 18.7404 23.0522 13.7698 17.6876 16.8072 1.12537 16.7695
bi_rrt_star 208 18.8015 23.0522 13.7698 17.6876 16.8072 1.12537 16.7695
bi_rrt_star 209 18.9144 23.0522 13.7698 17.6876 16.8072 1.12537 16.7695
bi_rrt_star 210 19.126 23.0522 13.7698 17.6876 16.8072 1.12537 16.7695
bi_rrt_star 211 19.4671 23.0522 13.7698 17.6876 16.8072 1.12537 16.7695
bi_rrt_star 212 19.5318 23.0522 13.7698 17.6876 16.8072 1.12537 16.7695
bi_rrt_star 213 19.5934 23.0522 13.7698 17.6876 16.8072 1.12537 16.7695
bi_rrt_star 214 19.6526 23.0522 13.7698 17.6876 16.8072 1.12537 16.7695
bi_rrt_star 215 19.7128 23.0522 13.7698 17.6876 16.8072 1.12537 16.7695
bi_rrt_star 216 19.7463 23.0522 13.7698 17.6876 16.8072 1.12537 16.7695
bi_rrt_star 217 19.7679 23.0522 13.7698 17.6876 16.8072 1.12537 16.7695
bi_rrt_star 218 19.8209 23.0522 13.7698 17.6876 16.8072 1.12537 16.7695
bi_rrt_star 219 19.9188 23.0522 13.7698 17.6876 16.8072 1.12537 16.7695
bi_rrt_star 220 20.0483 23.0522 13.7698 17.6876 16.8072 1.12537 16.7695
bi_rrt_star 221 20.112 23.0522 13.7698 17.6876 16.8072 1.12537 16.7695
bi_rrt_star 222 20.4768 23.0522 13.7698 17.6876 16.8072 1.12537 16.7695
bi_rrt_star 223 20.5956 23.0522 13.7698 17.6876 16.8072 1.12537 16.7695
bi_rrt_star 224 20.9871 23.0522 13.7698 17.6876 16.8072 1.12537 16.7695
bi_rrt_star 225 21.0478 23.0522 13.7698 17.6876 16.8072 1.12537 16.7695
bi_rrt_star 226 21.1031 23.0522 13.7698 17.6876 16.8072 1.12537 16.7695
bi_rrt_star 227 21.1756 23.0522 13.7698 17.6876 16.8072 1.12537 16.7695
bi_rrt_star 228 21.4918 23.0522 13.7698 17.6876 16.8072 1.12537 16.7695
bi_rrt_star 229 21.9069 23.0522 13.7698 17.6876 16.8072 1.12537 16.7695
bi_rrt_star 230 21.9627 23.0522 13.7698 17.6876 16.8072 1.12537 16.7695
bi_rrt_star 231 22.0193 23.0522 13.7698 17.6876 16.8072 1.12537 16.7695
bi_rrt_star 232 22.1415 23.0522 13.7698 17.6876 16.8072 1.12537 16.7695
bi_rrt_star 233 22.214 23.0522 13.7698 17.6876 16.8072 1.12537 16.7695
bi_rrt_star 234 22.273 23.0522 13.7698 17.6876 16.8072 1.12537 16.7695
bi_rrt_star 235 22.6118 23.0522 13.7698 17.6876 16.8072 1.12537 16.7695
bi_rrt_star 236 22.6839 23.0522 13.7698 17.6876 16.8072 1.12537 16.7695
bi_rrt_star 237 22.8186 23.0522 13.7698 17.6876 16.8072 1.12537 16.7695
bi_rrt_star 238 22.8797 23.0522 13.7698 17.6876 16.8072 1.12537 16.7695
bi_rrt_star 239 22.94 23.0522 13.7698 17.6876 16.8072 1.12537 16.7695
bi_rrt_star 240 23.0236 23.0522 13.7698 17.6876 16.8072 1.12537 16.7695
bi_rrt_star 241 23.3535 23.0522 13.7698 17.6876 16.8072 1.12537 16.7695
bi_rrt_star 242 23.4599 23.0522 13.7698 17.6876 16.8072 1.12537 16.7695
bi_rrt_star 243 23.5667 23.0522 13.7698 17.6876 16.8072 1.12537 16.7695
bi_rrt_star 244 23.8652 23.0522 13.7698 17.6876 16.8072 1.12537 16.7695
bi_rrt_star 245 23.9384 23.0522 13.7698 17.6876 16.8072 1.12537 16.7695
bi_rrt_star 246 24.2665 23.0522 13.7698 17.6876 16.8072 1.12537 16.7695
bi_rrt_star 247 24.3196 23.0522 13.7698 17.6876 16.8072 1.12537 16.7695
bi_rrt_star 248 24.3831 23.0522 13.7698 17.6876 16.8072 1.12537 16.7695
bi_rrt_star 249 24.4405 23.0522 13.7698 17.6876 16.8072 1.12537 16.7695
bi_rrt_star 250 24.5006 23.0522 13.7698 17.6876 16.8072 1.12537 16.7695
bi_rrt_star 251 24.5563 23.0522 13.7698 17.6876 16.8072 1.12537 16.7695
bi_rrt_star 252 24.6071 23.0522 13.7698 17.6876 16.8072 1.12537 16.7695
bi_rrt_star 253 24.6514 23.0522 13.7698 17.6876 16.8072 1.12537 16.7695
bi_rrt_star 254 24.6998 23.0522 13.7698 17.6876 16.8072 1.12537 16.7695
bi_rrt_star 255 24.7496 23.0522 13.7698 17.6876 16.8072 1.12537 16.7695
bi_rrt_star 256 25.1939 23.0522 13.7698 17.6876 16.8072 1.12537 16.7695
bi_rrt_star 257 25.3254 23.0522 13.7698 17.6876 16.8072 1.12537 16.7695
bi_rrt_star 258 25.3823 23.0522 13.7698 17.6876 16.8072 1.12537 16.7695
bi_rrt_star 259 25.432 23.0522 13.7698 17.6876 16.8072 1.12537 16.7695
bi_rrt_star 260 25.5312 23.0522 13.7698 17.6876 16.8072 1.12537 16.7695
bi_rrt_star 261 25.8554 23.0522 13.7698 17.6876 16.8072 1.12537 16.7695
bi_rrt_star 262 25.9299 23.0522 13.7698 17.6876 16.8072 1.12537 16.7695
bi_rrt_star 263 25.997 23.0522 13.7698 17.6876 16.8072 1.12537 16.7695
bi_rrt_star 264 26.3322 23.0522 13.7698 17.6876 16.8072 1.12537 16.7695
bi_rrt_star 265 26.4408 23.0522 13.7698 17.6876 16.8072 1.12537 16.7695
bi_rrt_star 266 26.5046 23.0522 13.7698 17.6876 16.8072 1.12537 16.7695
bi_rrt_star 267 26.7025 23.0522 13.7698 17.6876 16.8072 1.12537 16.7695
bi_rrt_star 268 26.7448 23.0522 13.7698 17.6876 16.8072 1.12537 16.7695
bi_rrt_star 269 26.7936 23.0522 13.7698 17.6876 16.8072 1.12537 16.7695
bi_rrt_star 270 26.8943 23.0522 13.7698 17.6876 16.8072 1.12537 16.7695
bi_rrt_star 271 27.2971 23.0522 13.7698 17.6876 16.8072 1.12537 16.7695
bi_rrt_star 272 27.3417 23.0522 13.7698 17.6876 16.8072 1.12537 16.7695
bi_rrt_star 273 27.3927 23.0522 13.7698 17.6876 16.8072 1.12537 16.7695
bi_rrt_star 274 27.4679 23.0522 13.7698 17.6876 16.8072 1.12537 16.7695
bi_rrt_star 275 27.5258 23.0522 13.7698 17.6876 16.8072 1.12537 16.7695
bi_rrt_star 276 27.6588 23.0522 13.7698 17.6876 16.8072 1.12537 16.7695
bi_rrt_star 277 27.7053 23.0522 13.7698 17.6876 16.8072 1.12537 16.7695
bi_rrt_star 278 27.9225 23.0522 13.7698 17.6876 16.8072 1.12537 16.7695
bi_rrt_star 279 27.9804 23.0522 13.7698 17.6876 16.8072 1.12537 16.7695
bi_rrt_star 280 28.0537 23.0522 13.7698 17.6876 16.8072 1.12537 16.7695
bi_rrt_star 281 28.1263 23.0522 13.7698 17.6876 16.8072 1.12537 16.7695
bi_rrt_star 282 28.5082 23.0522 13.7698 17.6876 16.8072 1.12537 16.7695
bi_rrt_star 283 28.6991 23.0522 13.7698 17.6876 16.8072 1.12537 16.7695
bi_rrt_star 284 28.8379 23.0522 13.7698 17.6876 16.8072 1.12537 16.7695
bi_rrt_star 285 29.0111 23.0522 13.7698 17.6876 16.8072 1.12537 16.7695
bi_rrt_star 286 29.0679 23.0522 13.7698 17.6876 16.8072 1.12537 16.7695
bi_rrt_star 287 29.1256 23.0522 13.7698 17.6876 16.8072 1.12537 16.7695
bi_rrt_star 288 29.2953 23.0522 13.7698 17.6876 16.8072 1.12537 16.7695
bi_rrt_star 289 29.3538 23.0522 13.7698 17.6876 16.8072 1.12537 16.7695
bi_rrt_star 290 29.5671 23.0522 13.7698 17.6876 16.8072 1.12537 16.7695
bi_rrt_star 291 29.8083 23.0522 13.7698 17.6876 16.8072 1.12537 16.7695
bi_rrt_star 292 29.8719 23.0522 13.7698 17.6876 16.8072 1.12537 16.7695
bi_rrt_star 293 29.9511 23.0522 13.7698 17.6876 16.8072 1.12537 16.7695
bi_rrt_star 294 30.3763 23.0522 13.7698 17.6876 16.8072 1.12537 16.7695
bi_rrt_star 295 30.4254 23.0522 13.7698 17.6876 16.8072 1.12537 16.7695
bi_rrt_star 296 30.6175 23.0522 13.7698 17.6876 16.8072 1.12537 16.7695
bi_rrt_star 297 30.6631 23.0522 13.7698 17.6876 16.8072 1.12537 16.7695
bi_rrt_star 298 30.7324 23.0522 13.7698 17.6876 16.8072 1.12537 16.7695
bi_rrt_star 299 31.0508 23.0522 13.7698 17.6876 16.8072 1.12537 16.7695
bi_rrt_star 300 31.1079 23.0522 13.7698 17.6876 16.8072 1.12537 16.7695
bi_rrt_star 301 31.1667 23.0522 13.7698 17.6876 16.8072 1.12537 16.7695
bi_rrt_star 302 31.2999 23.0522 13.7698 17.6876 16.8072 1.12537 16.7695
bi_rrt_star 303 31.355 23.0522 13.7698 17.6876 16.8072 1.12537 16.7695
bi_rrt_star 304 31.4094 23.0522 13.7698 17.6876 16.8072 1.12537 16.7695
bi_rrt_star 305 31.4877 23.0522 13.7698 17.6876 16.8072 1.12537 16.7695
bi_rrt_star 306 31.5321 23.0522 13.7698 17.6876 16.8072 1.12537 16.7695
bi_rrt_star 307 31.5911 23.0522 13.7698 17.6876 16.8072 1.12537 16.7695
bi_rrt_star 308 31.6601 23.0522 13.7698 17.6876 16.8072 1.12537 16.7695
bi_rrt_star 309 31.7102 23.0522 13.7698 17.6876 16.8072 1.12537 16.7695
bi_rrt_star 310 31.7623 23.0522 13.7698 17.6876 16.8072 1.12537 16.7695
bi_rrt_star 311 31.8242 23.0522 13.7698 17.6876 16.8072 1.12537 16.7695
bi_rrt_star 312 31.9352 23.0522 13.7698 17.6876 16.8072 1.12537 16.7695
bi_rrt_star 313 31.9911 23.0522 13.7698 17.6876 16.8072 1.12537 16.7695
bi_rrt_star 314 32.3775 23.0522 13.7698 17.6876 16.8072 1.12537 16.7695
bi_rrt_star 315 32.4836 23.0522 13.7698 17.6876 16.8072 1.12537 16.7695
bi_rrt_star 316 32.5558 23.0522 13.7698 17.6876 16.8072 1.12537 16.7695
bi_rrt_star 317 32.6209 23.0522 13.7698 17.6876 16.8072 1.12537 16.7695
bi_rrt_star 318 32.6841 23.0522 13.7698 17.6876 16.8072 1.12537 16.7695
bi_rrt_star 319 32.9841 23.0522 13.7698 17.6876 16.8072 1.12537 16.7695
bi_rrt_star 320 33.0388 23.0522 13.7698 17.6876 16.8072 1.12537 16.7695
bi_rrt_star 321 33.1169 23.0522 13.7698 17.6876 16.8072 1.12537 16.7695
bi_rrt_star 322 33.1802 23.0522 13.7698 17.6876 16.8072 1.12537 16.7695
bi_rrt_star 323 33.2377 23.0522 13.7698 17.6876 16.8072 1.12537 16.7695
bi_rrt_star 324 33.3035 23.0522 13.7698 17.6876 16.8072 1.12537 16.7695
bi_rrt_star 325 33.3657 23.0522 13.7698 17.6876 16.8072 1.12537 16.7695
bi_rrt_star 326 33.413 23.0522 13.7698 17.6876 16.8072 1.12537 16.7695
bi_rrt_star 327 33.4779 23.0522 13.7698 17.6876 16.8072 1.12537 16.7695
bi_rrt_star 328 33.676 23.0522 13.7698 17.6876 16.8072 1.12537 16.7695
bi_rrt_star 329 33.7249 23.0522 13.7698 17.6876 16.8072 1.12537 16.7695
bi_rrt_star 330 33.7861 23.0522 13.7698 17.6876 16.8072 1.12537 16.7695
bi_rrt_star 331 33.8915 23.0522 13.7698 17.6876 16.8072 1.12537 16.7695
bi_rrt_star 332 33.9543 23.0522 13.7698 17.6876 16.8072 1.12537 16.7695
bi_rrt_star 333 33.9976 23.0522 13.7698 17.6876 16.8072 1.12537 16.7695
bi_rrt_star 334 34.0612 23.0522 13.7698 17.6876 16.8072 1.12537 16.7695
bi_rrt_star 335 34.1212 23.0522 13.7698 17.6876 16.8072 1.12537 16.7695
bi_rrt_star 336 34.1809 23.0522 13.7698 17.6876 16.8072 1.12537 16.7695
bi_rrt_star 337 34.2313 23.0522 13.7698 17.6876 16.8072 1.12537 16.7695
bi_rrt_star 338 34.3116 23.0522 13.7698 17.6876 16.8072 1.12537 16.7695
bi_rrt_star 339 34.5179 23.0522 13.7698 17.6876 16.8072 1.12537 16.7695
bi_rrt_star 340 34.5602 23.0522 13.7698 17.6876 16.8072 1.12537 16.7695
bi_rrt_star 341 34.6294 23.0522 13.7698 17.6876 16.8072 1.12537 16.7695
bi_rrt_star 342 35.0357 23.0522 13.7698 17.6876 16.8072 1.12537 16.7695
bi_rrt_star 343 35.0997 23.0522 13.7698 17.6876 16.8072 1.12537 16.7695
bi_rrt_star 344 35.1817 23.0522 13.7698 17.6876 16.8072 1.12537 16.7695
bi_rrt_star 345 35.3761 23.0522 13.7698 17.6876 16.8072 1.12537 16.7695
bi_rrt_star 346 35.7829 23.0522 13.7698 17.6876 16.8072 1.12537 16.7695
bi_rrt_star 347 36.1482 23.0522 13.7698 17.6876 16.8072 1.12537 16.7695
bi_rrt_star 348 36.5189 23.0522 13.7698 17.6876 16.8072 1.12537 16.7695
bi_rrt_star 349 36.5817 23.0522 13.7698 17.6876 16.8072 1.12537 16.7695
bi_rrt_star 350 36.6541 23.0522 13.7698 17.6876 16.8072 1.12537 16.7695
bi_rrt_star 351 36.8037 23.0522 13.7698 17.6876 16.8072 1.12537 16.7695
bi_rrt_star 352 36.8601 23.0522 13.7698 17.6876 16.8072 1.12537 16.7695
bi_rrt_star 353 37.2087 23.0522 13.7698 17.6876 16.8072 1.12537 16.7695
bi_rrt_star 354 37.3838 23.0522 13.7698 17.6876 16.8072 1.12537 16.7695
bi_rrt_star 355 37.6206 23.0522 13.7698 17.6876 16.8072 1.12537 16.7695
bi_rrt_star 356 37.9936 23.0522 13.7698 17.6876 16.8072 1.12537 16.7695
bi_rrt_star 357 38.3529 23.0522 13.7698 17.6876 16.8072 1.12537 16.7695
bi_rrt_star 358 38.6999 23.0522 13.7698 17.6876 16.8072 1.12537 16.7695
bi_rrt_star 359 38.7683 23.0522 13.7698 17.6876 16.8072 1.12537 16.7695
bi_rrt_star 360 38.9591 23.0522 13.7698 17.6876 16.8072 1.12537 16.7695
bi_rrt_star 361 39.0518 23.0522 13.7698 17.6876 16.8072 1.12537 16.7695
bi_rrt_star 362 39.1127 23.0522 13.7698 17.6876 16.8072 1.12537 16.7695
bi_rrt_star 363 39.1703 23.0522 13.7698 17.6876 16.8072 1.12537 16.7695
bi_rrt_star 364 39.2323 23.0522 13.7698 17.6876 16.8072 1.12537 16.7695
bi_rrt_star 365 39.2818 23.0522 13.7698 17.6876 16.8072 1.12537 16.7695
bi_rrt_star 366 39.3292 23.0522 13.7698 17.6876 16.8072 1.12537 16.7695
bi_rrt_star 367 39.7122 23.0522 13.7698 17.6876 16.8072 1.12537 16.7695
bi_rrt_star 368 39.844 23.0522 13.7698 17.6876 16.8072 1.12537 16.7695
bi_rrt_star 369 39.8966 23.0522 13.7698 17.6876 16.8072 1.12537 16.7695
bi_rrt_star 370 40.0361 23.0522 13.7698 17.6876 16.8072 1.12537 16.7695
bi_rrt_star 371 40.1027 23.0522 13.7698 17.6876 16.8072 1.12537 16.7695
bi_rrt_star 372 40.1916 23.0522 13.7698 17.6876 16.8072 1.12537 16.7695
bi_rrt_star 373 40.2549 23.0522 13.7698 17.6876 16.8072 1.12537 16.7695
bi_rrt_star 374 40.6837 23.0522 13.7698 17.6876 16.8072 1.12537 16.7695
bi_rrt_star 375 41.0274 23.0522 13.7698 17.6876 16.8072 1.12537 16.7695
bi_rrt_star 376 41.0959 23.0522 13.7698 17.6876 16.8072 1.12537 16.7695
bi_rrt_star 377 41.454 23.0522 13.7698 17.6876 16.8072 1.12537 16.7695
bi_rrt_star 378 41.7931 23.0522 13.7698 17.6876 16.8072 1.12537 16.7695
bi_rrt_star 379 41.8478 23.0522 13.7698 17.6876 16.8072 1.12537 16.7695
bi_rrt_star 380 41.96 23.0522 13.7698 17.6876 16.8072 1.12537 16.7695
bi_rrt_star 381 42.0329 23.0522 13.7698 17.6876 16.8072 1.12537 16.7695
bi_rrt_star 382 42.2999 23.0522 13.7698 17.6876 16.8072 1.12537 16.7695
bi_rrt_star 383 42.3585 23.0522 13.7698 17.6876 16.8072 1.12537 16.7695
bi_rrt_star 384 42.743 23.0522 13.7698 17.6876 16.8072 1.12537 16.7695
bi_rrt_star 385 42.86 23.0522 13.7698 17.6876 16.8072 1.12537 16.7695
bi_rrt_star 386 43.1586 23.0522 13.7698 17.6876 16.8072 1.12537 16.7695
bi_rrt_star 387 43.2241 23.0522 13.7698 17.6876 16.8072 1.12537 16.7695
bi_rrt_star 388 43.2798 23.0522 13.7698 17.6876 16.8072 1.12537 16.7695
bi_rrt_star 389 43.4769 23.0522 13.7698 17.6876 16.8072 1.12537 16.7695
bi_rrt_star 390 43.8859 23.0522 13.7698 17.6876 16.8072 1.12537 16.7695
bi_rrt_star 391 43.9562 23.0522 13.7698 17.6876 16.8072 1.12537 16.7695
bi_rrt_star 392 44.0085 23.0522 13.7698 17.6876 16.8072 1.12537 16.7695
bi_rrt_star 393 44.0567 23.0522 13.7698 17.6876 16.8072 1.12537 16.7695
bi_rrt_star 394 44.1078 23.0522 13.7698 17.6876 16.8072 1.12537 16.7695
bi_rrt_star 395 44.1592 23.0522 13.7698 17.6876 16.8072 1.12537 16.7695
bi_rrt_star 396 44.241 23.0522 13.7698 17.6876 16.8072 1.12537 16.7695
bi_rrt_star 397 44.4894 23.0522 13.7698 17.6876 16.8072 1.12537 16.7695
bi_rrt_star 398 44.5525 23.0522 13.7698 17.6876 16.8072 1.12537 16.7695
bi_rrt_star 399 44.5993 23.0522 13.7698 17.6876 16.8072 1.12537 16.7695
bi_rrt_star 400 44.6563 23.0522 13.7698 17.6876 16.8072 1.12537 16.7695
bi_rrt_star 401 44.75 23.0522 13.7698 17.6876 16.8072 1.12537 16.7695
bi_rrt_star 402 44.9152 23.0522 13.7698 17.6876 16.8072 1.12537 16.7695
bi_rrt_star 403 44.9741 23.0522 13.7698 17.6876 16.8072 1.12537 16.7695
bi_rrt_star 404 45.3804 23.0522 13.7698 17.6876 16.8072 1.12537 16.7695
bi_rrt_star 405 45.7417 23.0522 13.7698 17.6876 16.8072 1.12537 16.7695
bi_rrt_star 406 45.9572 23.0522 13.7698 17.6876 16.8072 1.12537 16.7695
bi_rrt_star 407 46.3307 23.0522 13.7698 17.6876 16.8072 1.12537 16.7695
bi_rrt_star 408 46.3911 23.0522 13.7698 17.6876 16.8072 1.12537 16.7695
bi_rrt_star 409 46.428 23.0522 13.7698 17.6876 16.8072 1.12537 16.7695
bi_rrt_star 410 46.5444 23.0522 13.7698 17.6876 16.8072 1.12537 16.7695
bi_rrt_star 411 46.9505 23.0522 13.7698 17.6876 16.8072 1.12537 16.7695
bi_rrt_star 412 47.0232 23.0522 13.7698 17.6876 16.8072 1.12537 16.7695
bi_rrt_star 413 47.1229 23.0522 13.7698 17.6876 16.8072 1.12537 16.7695
bi_rrt_star 414 47.1784 23.0522 13.7698 17.6876 16.8072 1.12537 16.7695
bi_rrt_star 415 47.6967 23.0522 13.7698 17.6876 16.8072 1.12537 16.7695
bi_rrt_star 416 48.0943 23.0522 13.7698 17.6876 16.8072 1.12537 16.7695
bi_rrt_star 417 48.146 23.0522 13.7698 17.6876 16.8072 1.12537 16.7695
bi_rrt_star 418 48.3284 23.0522 13.7698 17.6876 16.8072 1.12537 16.7695
bi_rrt_star 419 48.3882 23.0522 13.7698 17.6876 16.8072 1.12537 16.7695
bi_rrt_star 420 48.4466 23.0522 13.7698 17.6876 16.8072 1.12537 16.7695
bi_rrt_star 421 48.6125 23.0522 13.7698 17.6876 16.8072 1.12537 16.7695
bi_rrt_star 422 48.786 23.0522 13.7698 17.6876 16.8072 1.12537 16.7695
bi_rrt_star 423 48.8482 23.0522 13.7698 17.6876 16.8072 1.12537 16.7695
bi_rrt_star 424 48.9028 23.0522 13.7698 17.6876 16.8072 1.12537 16.7695
bi_rrt_star 425 49.1759 23.0522 13.7698 17.6876 16.8072 1.12537 16.7695
bi_rrt_star 426 49.2363 23.0522 13.7698 17.6876 16.8072 1.12537 16.7695
bi_rrt_star 427 49.5998 23.0522 13.7698 17.6876 16.8072 1.12537 16.7695
bi_rrt_star 428 49.6694 23.0522 13.7698 17.6876 16.8072 1.12537 16.7695
bi_rrt_star 429 49.7274 23.0522 13.7698 17.6876 16.8072 1.12537 16.7695
bi_rrt_star 430 49.8052 23.0522 13.7698 17.6876 16.8072 1.12537 16.7695
bi_rrt_star 431 49.8839 23.0522 13.7698 17.6876 16.8072 1.12537 16.7695
bi_rrt_star 432 50.2196 23.0522 13.7698 17.6876 16.8072 1.12537 16.7695
bi_rrt_star 433 50.6506 23.0522 13.7698 17.6876 16.8072 1.12537 16.7695
bi_rrt_star 434 50.7797 23.0522 13.7698 17.6876 16.8072 1.12537 16.7695
bi_rrt_star 435 50.8395 23.0522 13.7698 17.6876 16.8072 1.12537 16.7695
bi_rrt_star 436 51.3004 23.0522 13.7698 17.6876 16.8072 1.12537 16.7695
bi_rrt_star 437 51.7015 23.0522 13.7698 17.6876 16.8072 1.12537 16.7695
bi_rrt_star 438 51.8412 23.0522 13.7698 17.6876 16.8072 1.12537 16.7695
bi_rrt_star 439 51.9209 23.0522 13.7698 17.6876 16.8072 1.12537 16.7695
bi_rrt_star 440 51.9839 23.0522 13.7698 17.6876 16.8072 1.12537 16.7695
bi_rrt_star 441 52.0437 23.0522 13.7698 17.6876 16.8072 1.12537 16.7695
bi_rrt_star 442 52.1323 23.0522 13.7698 17.6876 16.8072 1.12537 16.7695
bi_rrt_star 443 52.5182 23.0522 13.7698 17.6876 16.8072 1.12537 16.7695
bi_rrt_star 444 52.5752 23.0522 13.7698 17.6876 16.8072 1.12537 16.7695
bi_rrt_star 445 52.636 23.0522 13.7698 17.6876 16.8072 1.12537 16.7695
bi_rrt_star 446 52.74 23.0522 13.7698 17.6876 16.8072 1.12537 16.7695
bi_rrt_star 447 52.9166 23.0522 13.7698 17.6876 16.8072 1.12537 16.7695
bi_rrt_star 448 52.9668 23.0522 13.7698 17.6876 16.8072 1.12537 16.7695
bi_rrt_star 449 53.0691 23.0522 13.7698 17.6876 16.8072 1.12537 16.7695
bi_rrt_star 450 53.4445 23.0522 13.7698 17.6876 16.8072 1.12537 16.7695
bi_rrt_star 451 53.5986 23.0522 13.7698 17.6876 16.8072 1.12537 16.7695
bi_rrt_star 452 53.7611 23.0522 13.7698 17.6876 16.8072 1.12537 16.7695
bi_rrt_star 453 53.9133 23.0522 13.7698 17.6876 16.8072 1.12537 16.7695
bi_rrt_star 454 53.9928 23.0522 13.7698 17.6876 16.8072 1.12537 16.7695
bi_rrt_star 455 54.2618 23.0522 13.7698 17.6876 16.8072 1.12537 16.7695
bi_rrt_star 456 54.3501 23.0522 13.7698 17.6876 16.8072 1.12537 16.7695
bi_rrt_star 457 54.5015 23.0522 13.7698 17.6876 16.8072 1.12537 16.7695
bi_rrt_star 458 54.5722 23.0522 13.7698 17.6876 16.8072 1.12537 16.7695
bi_rrt_star 459 54.716 23.0522 13.7698 17.6876 16.8072 1.12537 16.7695
bi_rrt_star 460 54.7787 23.0522 13.7698 17.6876 16.8072 1.12537 16.7695
bi_rrt_star 461 55.1389 23.0522 13.7698 17.6876 16.8072 1.12537 16.7695
bi_rrt_star 462 55.227 23.0522 13.7698 17.6876 16.8072 1.12537 16.7695
bi_rrt_star 463 55.288 23.0522 13.7698 17.6876 16.8072 1.12537 16.7695
bi_rrt_star 464 55.3451 23.0522 13.7698 17.6876 16.8072 1.12537 16.7695
bi_rrt_star 465 55.7275 23.0522 13.7698 17.6876 16.8072 1.12537 16.7695
bi_rrt_star 466 56.0141 23.0522 13.7698 17.6876 16.8072 1.12537 16.7695
bi_rrt_star 467 56.192 23.0522 13.7698 17.6876 16.8072 1.12537 16.7695
bi_rrt_star 468 56.5661 23.0522 13.7698 17.6876 16.8072 1.12537 16.7695
bi_rrt_star 469 56.6198 23.0522 13.7698 17.6876 16.8072 1.12537 16.7695
bi_rrt_star 470 56.8743 23.0522 13.7698 17.6876 16.8072 1.12537 16.7695
bi_rrt_star 471 57.1493 23.0522 13.7698 17.6876 16.8072 1.12537 16.7695
bi_rrt_star 472 57.3564 23.0522 13.7698 17.6876 16.8072 1.12537 16.7695
bi_rrt_star 473 57.4644 23.0522 13.7698 17.6876 16.8072 1.12537 16.7695
bi_rrt_star 474 57.8603 23.0522 13.7698 17.6876 16.8072 1.12537 16.7695
bi_rrt_star 475 57.9189 23.0522 13.7698 17.6876 16.8072 1.12537 16.7695
bi_rrt_star 476 58.1972 23.0522 13.7698 17.6876 16.8072 1.12537 16.7695
bi_rrt_star 477 58.2537 23.0522 13.7698 17.6876 16.8072 1.12537 16.7695
bi_rrt_star 478 58.6767 23.0522 13.7698 17.6876 16.8072 1.12537 16.7695
bi_rrt_star 479 58.9074 23.0522 13.7698 17.6876 16.8072 1.12537 16.7695
bi_rrt_star 480 59.143 23.0522 13.7698 17.6876 16.8072 1.12537 16.7695
bi_rrt_star 481 59.4937 23.0522 13.7698 17.6876 16.8072 1.12537 16.7695
bi_rrt_star 482 59.5495 23.0522 13.7698 17.6876 16.8072 1.12537 16.7695
bi_rrt_star 483 59.8894 23.0522 13.7698 17.6876 16.8072 1.12537 16.7695
bi_rrt_star 484 59.96 23.0522 13.7698 17.6876 16.8072 1.12537 16.7695
bi_rrt_star 485 60.3315 23.0522 13.7698 17.6876 16.8072 1.12537 16.7695
bi_rrt_star 486 60.3917 23.0522 13.7698 17.6876 16.8072 1.12537 16.7695
bi_rrt_star 487 60.7162 23.0522 13.7698 17.6876 16.8072 1.12537 16.7695
bi_rrt_star 488 60.8835 23.0522 13.7698 17.6876 16.8072 1.12537 16.7695
bi_rrt_star 489 61.0609 23.0522 13.7698 17.6876 16.8072 1.12537 16.7695
bi_rrt_star 490 61.4393 23.0522 13.7698 17.6876 16.8072 1.12537 16.7695
bi_rrt_star 491 61.4927 23.0522 13.7698 17.6876 16.8072 1.12537 16.7695
bi_rrt_star 492 61.8587 23.0522 13.7698 17.6876 16.8072 1.12537 16.7695
bi_rrt_star 493 62.1226 23.0522 13.7698 17.6876 16.8072 1.12537 16.7695
bi_rrt_star 494 62.4587 23.0522 13.7698 17.6876 16.8072 1.12537 16.7695
bi_rrt_star 495 62.5308 23.0522 13.7698 17.6876 16.8072 1.12537 16.7695
bi_rrt_star 496 62.641 23.0522 13.7698 17.6876 16.8072 1.12537 16.7695
bi_rrt_star 497 62.8714 23.0522 13.7698 17.6876 16.8072 1.12537 16.7695
bi_rrt_star 498 62.9348 23.0522 13.7698 17.6876 16.8072 1.12537 16.7695
bi_rrt_star 499 63.1164 23.0522 13.7698 17.6876 16.8072 1.12537 16.7695
bi_rrt_star 500 63.1773 23.0522 13.7698 17.6876 16.8072 1.12537 16.7695
bi_rrt_star 501 63.2686 23.0522 13.7698 17.6876 16.8072 1.12537 16.7695
bi_rrt_star 502 63.4618 23.0522 13.7698 17.6876 16.8072 1.12537 16.7695
bi_rrt_star 503 63.5388 23.0522 13.7698 17.6876 16.8072 1.12537 16.7695
bi_rrt_star 504 63.6023 23.0522 13.7698 17.6876 16.8072 1.12537 16.7695
bi_rrt_star 505 63.8886 23.0522 13.7698 17.6876 16.8072 1.12537 16.7695
bi_rrt_star 506 63.982 23.0522 13.7698 17.6876 16.8072 1.12537 16.7695
bi_rrt_star 507 64.0568 23.0522 13.7698 17.6876 16.8072 1.12537 16.7695
bi_rrt_star 508 64.4165 23.0522 13.7698 17.6876 16.8072 1.12537 16.7695
bi_rrt_star 509 64.532 23.0522 13.7698 17.6876 16.8072 1.12537 16.7695
bi_rrt_star 510 64.5841 23.0522 13.7698 17.6876 16.8072 1.12537 16.7695
bi_rrt_star 511 65.1867 23.0522 13.7698 17.6876 16.8072 1.12537 16.7695
bi_rrt_star 512 65.5666 23.0522 13.7698 17.6876 16.8072 1.12537 16.7695
bi_rrt_star 513 66.1164 23.0522 13.7698 17.6876 16.8072 1.12537 16.7695
bi_rrt_star 514 66.27 23.0522 13.7698 17.6876 16.8072 1.12537 16.7695
bi_rrt_star 515 66.3198 23.0522 13.7698 17.6876 16.8072 1.12537 16.7695
bi_rrt_star 516 66.6531 23.0522 13.7698 17.6876 16.8072 1.12537 16.7695
bi_rrt_star 517 66.7048 23.0522 13.7698 17.6876 16.8072 1.12537 16.7695
bi_rrt_star 518 66.7696 23.0522 13.7698 17.6876 16.8072 1.12537 16.7695
bi_rrt_star 519 66.8309 23.0522 13.7698 17.6876 16.8072 1.12537 16.7695
bi_rrt_star 520 67.016 23.0522 13.7698 17.6876 16.8072 1.12537 16.7695
bi_rrt_star 521 67.1185 23.0522 13.7698 17.6876 16.8072 1.12537 16.7695
bi_rrt_star 522 67.1741 23.0522 13.7698 17.6876 16.8072 1.12537 16.7695
bi_rrt_star 523 67.2543 23.0522 13.7698 17.6876 16.8072 1.12537 16.7695
bi_rrt_star 524 67.3391 23.0522 13.7698 17.6876 16.8072 1.12537 16.7695
bi_rrt_star 525 67.443 23.0522 13.7698 17.6876 16.8072 1.12537 16.7695
bi_rrt_star 526 67.52 23.0522 13.7698 17.6876 16.8072 1.12537 16.7695
bi_rrt_star 527 67.683 23.0522 13.7698 17.6876 16.8072 1.12537 16.7695
bi_rrt_star 528 67.8155 23.0522 13.7698 17.6876 16.8072 1.12537 16.7695
bi_rrt_star 529 68.2088 23.0522 13.7698 17.6876 16.8072 1.12537 16.7695
bi_rrt_star 530 68.3973 23.0522 13.7698 17.6876 16.8072 1.12537 16.7695
bi_rrt_star 531 68.4526 23.0522 13.7698 17.6876 16.8072 1.12537 16.7695
bi_rrt_star 532 68.5039 23.0522 13.7698 17.6876 16.8072 1.12537 16.7695
bi_rrt_star 533 68.9089 23.0522 13.7698 17.6876 16.8072 1.12537 16.7695
bi_rrt_star 534 68.9892 23.0522 13.7698 17.6876 16.8072 1.12537 16.7695
bi_rrt_star 535 69.0812 23.0522 13.7698 17.6876 16.8072 1.12537 16.7695
bi_rrt_star 536 69.1618 23.0522 13.7698 17.6876 16.8072 1.12537 16.7695
bi_rrt_star 537 69.251 23.0522 13.7698 17.6876 16.8072 1.12537 16.7695
bi_rrt_star 538 69.3785 23.0522 13.7698 17.6876 16.8072 1.12537 16.7695
bi_rrt_star 539 69.462 23.0522 13.7698 17.6876 16.8072 1.12537 16.7695
bi_rrt_star 540 69.5367 23.0522 13.7698 17.6876 16.8072 1.12537 16.7695
bi_rrt_star 541 69.5989 23.0522 13.7698 17.6876 16.8072 1.12537 16.7695
bi_rrt_star 542 70.0237 23.0522 13.7698 17.6876 16.8072 1.12537 16.7695
bi_rrt_star 543 70.4243 23.0522 13.7698 17.6876 16.8072 1.12537 16.7695
bi_rrt_star 544 70.6019 23.0522 13.7698 17.6876 16.8072 1.12537 16.7695
bi_rrt_star 545 70.6898 23.0522 13.7698 17.6876 16.8072 1.12537 16.7695
bi_rrt_star 546 70.7128 23.0522 13.7698 17.6876 16.8072 1.12537 16.7695
bi_rrt_star 547 71.1347 23.0522 13.7698 17.6876 16.8072 1.12537 16.7695
bi_rrt_star 548 71.5104 23.0522 13.7698 17.6876 16.8072 1.12537 16.7695
bi_rrt_star 549 71.8713 23.0522 13.7698 17.6876 16.8072 1.12537 16.7695
bi_rrt_star 550 72.245 23.0522 13.7698 17.6876 16.8072 1.12537 16.7695
bi_rrt_star 551 72.3306 23.0522 13.7698 17.6876 16.8072 1.12537 16.7695
bi_rrt_star 552 72.6713 23.0522 13.7698 17.6876 16.8072 1.12537 16.7695
bi_rrt_star 553 72.9399 23.0522 13.7698 17.6876 16.8072 1.12537 16.7695
bi_rrt_star 554 73.3315 23.0522 13.7698 17.6876 16.8072 1.12537 16.7695
bi_rrt_star 555 73.4002 23.0522 13.7698 17.6876 16.8072 1.12537 16.7695
bi_rrt_star 556 73.4695 23.0522 13.7698 17.6876 16.8072 1.12537 16.7695
bi_rrt_star 557 73.658 23.0522 13.7698 17.6876 16.8072 1.12537 16.7695
bi_rrt_star 558 73.718 23.0522 13.7698 17.6876 16.8072 1.12537 16.7695
bi_rrt_star 559 73.782 23.0522 13.7698 17.6876 16.8072 1.12537 16.7695
bi_rrt_star 560 74.036 23.0522 13.7698 17.6876 16.8072 1.12537 16.7695
bi_rrt_star 561 74.4675 23.0522 13.7698 17.6876 16.8072 1.12537 16.7695
bi_rrt_star 562 74.5301 23.0522 13.7698 17.6876 16.8072 1.12537 16.7695
bi_rrt_star 563 74.8932 23.0522 13.7698 17.6876 16.8072 1.12537 16.7695
bi_rrt_star 564 74.9687 23.0522 13.7698 17.6876 16.8072 1.12537 16.7695
bi_rrt_star 565 75.3843 23.0522 13.7698 17.6876 16.8072 1.12537 16.7695
bi_rrt_star 566 75.7413 23.0522 13.7698 17.6876 16.8072 1.12537 16.7695
bi_rrt_star 567 75.9084 23.0522 13.7698 17.6876 16.8072 1.12537 16.7695
bi_rrt_star 568 75.9727 23.0522 13.7698 17.6876 16.8072 1.12537 16.7695
bi_rrt_star 569 76.1618 23.0522 13.7698 17.6876 16.8072 1.12537 16.7695
bi_rrt_star 570 76.2583 23.0522 13.7698 17.6876 16.8072 1.12537 16.7695
bi_rrt_star 571 76.364 23.0522 13.7698 17.6876 16.8072 1.12537 16.7695
bi_rrt_star 572 76.5394 23.0522 13.7698 17.6876 16.8072 1.12537 16.7695
bi_rrt_star 573 76.8279 23.0522 13.7698 17.6876 16.8072 1.12537 16.7695
bi_rrt_star 574 76.9388 23.0522 13.7698 17.6876 16.8072 1.12537 16.7695
bi_rrt_star 575 77.2587 23.0522 13.7698 17.6876 16.8072 1.12537 16.7695
bi_rrt_star 576 77.3511 23.0522 13.7698 17.6876 16.8072 1.12537 16.7695
bi_rrt_star 577 77.7329 23.0522 13.7698 17.6876 16.8072 1.12537 16.7695
bi_rrt_star 578 77.78 23.0522 13.7698 17.6876 16.8072 1.12537 16.7695
bi_rrt_star 579 77.9436 23.0522 13.7698 17.6876 16.8072 1.12537 16.7695
bi_rrt_star 580 78.1526 23.0522 13.7698 17.6876 16.8072 1.12537 16.7695
bi_rrt_star 581 78.2253 23.0522 13.7698 17.6876 16.8072 1.12537 16.7695
bi_rrt_star 582 78.364 23.0522 13.7698 17.6876 16.8072 1.12537 16.7695
bi_rrt_star 583 78.4702 23.0522 13.7698 17.6876 16.8072 1.12537 16.7695
bi_rrt_star 584 78.5341 23.0522 13.7698 17.6876 16.8072 1.12537 16.7695
bi_rrt_star 585 79.098 23.0522 13.7698 17.6876 16.8072 1.12537 16.7695
bi_rrt_star 586 79.1681 23.0522 13.7698 17.6876 16.8072 1.12537 16.7695
bi_rrt_star 587 79.273 23.0522 13.7698 17.6876 16.8072 1.12537 16.7695
bi_rrt_star 588 79.3358 23.0522 13.7698 17.6876 16.8072 1.12537 16.7695
bi_rrt_star 589 79.3986 23.0522 13.7698 17.6876 16.8072 1.12537 16.7695
bi_rrt_star 590 79.5885 23.0522 13.7698 17.6876 16.8072 1.12537 16.7695
bi_rrt_star 591 79.6393 23.0522 13.7698 17.6876 16.8072 1.12537 16.7695
bi_rrt_star 592 79.7021 23.0522 13.7698 17.6876 16.8072 1.12537 16.7695
bi_rrt_star 593 79.9619 23.0522 13.7698 17.6876 16.8072 1.12537 16.7695
bi_rrt_star 594 80.0535 23.0522 13.7698 17.6876 16.8072 1.12537 16.7695
bi_rrt_star 595 80.2614 23.0522 13.7698 17.6876 16.8072 1.12537 16.7695
bi_rrt_star 596 80.4966 23.0522 13.7698 17.6876 16.8072 1.12537 16.7695
bi_rrt_star 597 80.5872 23.0522 13.7698 17.6876 16.8072 1.12537 16.7695
bi_rrt_star 598 80.6746 23.0522 13.7698 17.6876 16.8072 1.12537 16.7695
bi_rrt_star 599 80.7698 23.0522 13.7698 17.6876 16.8072 1.12537 16.7695
bi_rrt_star 600 80.8332 23.0522 13.7698 17.6876 16.8072 1.12537 16.7695
bi_rrt_star 601 80.8946 23.0522 13.7698 17.6876 16.8072 1.12537 16.7695
bi_rrt_star 602 81.2939 23.0522 13.7698 17.6876 16.8072 1.12537 16.7695
bi_rrt_star 603 81.6427 23.0522 13.7698 17.6876 16.8072 1.12537 16.7695
bi_rrt_star 604 81.7033 23.0522 13.7698 17.6876 16.8072 1.12537 16.7695
bi_rrt_star 605 81.7697 23.0522 13.7698 17.6876 16.8072 1.12537 16.7695
bi_rrt_star 606 81.9315 23.0522 13.7698 17.6876 16.8072 1.12537 16.7695
bi_rrt_star 607 82.3449 23.0522 13.7698 17.6876 16.8072 1.12537 16.7695
bi_rrt_star 608 82.7202 23.0522 13.7698 17.6876 16.8072 1.12537 16.7695
bi_rrt_star 609 82.7932 23.0522 13.7698 17.6876 16.8072 1.12537 16.7695
bi_rrt_star 610 83.1709 23.0522 13.7698 17.6876 16.8072 1.12537 16.7695
bi_rrt_star 611 83.2501 23.0522 13.7698 17.6876 16.8072 1.12537 16.7695
bi_rrt_star 612 83.3578 23.0522 13.7698 17.6876 16.8072 1.12537 16.7695
bi_rrt_star 613 83.4196 23.0522 13.7698 17.6876 16.8072 1.12537 16.7695
bi_rrt_star 614 83.4903 23.0522 13.7698 17.6876 16.8072 1.12537 16.7695
bi_rrt_star 615 83.7517 23.0522 13.7698 17.6876 16.8072 1.12537 16.7695
bi_rrt_star 616 84.1175 23.0522 13.7698 17.6876 16.8072 1.12537 16.7695
bi_rrt_star 617 84.1801 23.0522 13.7698 17.6876 16.8072 1.12537 16.7695
bi_rrt_star 618 84.2717 23.0522 13.7698 17.6876 16.8072 1.12537 16.7695
bi_rrt_star 619 84.6725 23.0522 13.7698 17.6876 16.8072 1.12537 16.7695
bi_rrt_star 620 85.023 23.0522 13.7698 17.6876 16.8072 1.12537 16.7695
bi_rrt_star 621 85.0823 23.0522 13.7698 17.6876 16.8072 1.12537 16.7695
bi_rrt_star 622 85.2102 23.0522 13.7698 17.6876 16.8072 1.12537 16.7695
bi_rrt_star 623 85.2727 23.0522 13.7698 17.6876 16.8072 1.12537 16.7695
bi_rrt_star 624 85.4252 23.0522 13.7698 17.6876 16.8072 1.12537 16.7695
bi_rrt_star 625 85.5085 23.0522 13.7698 17.6876 16.8072 1.12537 16.7695
bi_rrt_star 626 85.7912 23.0522 13.7698 17.6876 16.8072 1.12537 16.7695
bi_rrt_star 627 85.8438 23.0522 13.7698 17.6876 16.8072 1.12537 16.7695
bi_rrt_star 628 86.2174 23.0522 13.7698 17.6876 16.8072 1.12537 16.7695
bi_rrt_star 629 86.2857 23.0522 13.7698 17.6876 16.8072 1.12537 16.7695
bi_rrt_star 630 86.6804 23.0522 13.7698 17.6876 16.8072 1.12537 16.7695
bi_rrt_star 631 86.7399 23.0522 13.7698 17.6876 16.8072 1.12537 16.7695
bi_rrt_star 632 86.7935 23.0522 13.7698 17.6876 16.8072 1.12537 16.7695
bi_rrt_star 633 86.9117 23.0522 13.7698 17.6876 16.8072 1.12537 16.7695
bi_rrt_star 634 86.9935 23.0522 13.7698 17.6876 16.8072 1.12537 16.7695
bi_rrt_star 635 87.3776 23.0522 13.7698 17.6876 16.8072 1.12537 16.7695
bi_rrt_star 636 87.7951 23.0522 13.7698 17.6876 16.8072 1.12537 16.7695
bi_rrt_star 637 87.8553 23.0522 13.7698 17.6876 16.8072 1.12537 16.7695
bi_rrt_star 638 87.8899 23.0522 13.7698 17.6876 16.8072 1.12537 16.7695
bi_rrt_star 639 88.2862 23.0522 13.7698 17.6876 16.8072 1.12537 16.7695
bi_rrt_star 640 88.5196 23.0522 13.7698 17.6876 16.8072 1.12537 16.7695
bi_rrt_star 641 88.9436 23.0522 13.7698 17.6876 16.8072 1.12537 16.7695
bi_rrt_star 642 89.1504 23.0522 13.7698 17.6876 16.8072 1.12537 16.7695
bi_rrt_star 643 89.2088 23.0522 13.7698 17.6876 16.8072 1.12537 16.7695
bi_rrt_star 644 89.4607 23.0522 13.7698 17.6876 16.8072 1.12537 16.7695
bi_rrt_star 645 89.6613 23.0522 13.7698 17.6876 16.8072 1.12537 16.7695
bi_rrt_star 646 89.7192 23.0522 13.7698 17.6876 16.8072 1.12537 16.7695
bi_rrt_star 647 89.7386 23.0522 13.7698 17.6876 16.8072 1.12537 16.7695
bi_rrt_star 648 89.958 23.0522 13.7698 17.6876 16.8072 1.12537 16.7695
bi_rrt_star 649 90.0454 23.0522 13.7698 17.6876 16.8072 1.12537 16.7695
bi_rrt_star 650 90.2034 23.0522 13.7698 17.6876 16.8072 1.12537 16.7695
bi_rrt_star 651 90.6809 23.0522 13.7698 17.6876 16.8072 1.12537 16.7695
bi_rrt_star 652 90.7796 23.0522 13.7698 17.6876 16.8072 1.12537 16.7695
bi_rrt_star 653 91.1778 23.0522 13.7698 17.6876 16.8072 1.12537 16.7695
bi_rrt_star 654 91.258 23.0522 13.7698 17.6876 16.8072 1.12537 16.7695
bi_rrt_star 655 91.4606 23.0522 13.7698 17.6876 16.8072 1.12537 16.7695
bi_rrt_star 656 91.4991 23.0522 13.7698 17.6876 16.8072 1.12537 16.7695
bi_rrt_star 657 91.5637 23.0522 13.7698 17.6876 16.8072 1.12537 16.7695
bi_rrt_star 658 91.6256 23.0522 13.7698 17.6876 16.8072 1.12537 16.7695
bi_rrt_star 659 91.8351 23.0522 13.7698 17.6876 16.8072 1.12537 16.7695
bi_rrt_star 660 92.2502 23.0522 13.7698 17.6876 16.8072 1.12537 16.7695
bi_rrt_star 661 92.3156 23.0522 13.7698 17.6876 16.8072 1.12537 16.7695
bi_rrt_star 662 92.4134 23.0522 13.7698 17.6876 16.8072 1.12537 16.7695
bi_rrt_star 663 92.4917 23.0522 13.7698 17.6876 16.8072 1.12537 16.7695
bi_rrt_star 664 92.5462 23.0522 13.7698 17.6876 16.8072 1.12537 16.7695
bi_rrt_star 665 92.8065 23.0522 13.7698 17.6876 16.8072 1.12537 16.7695
bi_rrt_star 666 92.8774 23.0522 13.7698 17.6876 16.8072 1.12537 16.7695
bi_rrt_star 667 92.9735 23.0522 13.7698 17.6876 16.8072 1.12537 16.7695
bi_rrt_star 668 93.0265 23.0522 13.7698 17.6876 16.8072 1.12537 16.7695
bi_rrt_star 669 93.2973 23.0522 13.7698 17.6876 16.8072 1.12537 16.7695
bi_rrt_star 670 93.6712 23.0522 13.7698 17.6876 16.8072 1.12537 16.7695
bi_rrt_star 671 93.8396 23.0522 13.7698 17.6876 16.8072 1.12537 16.7695
bi_rrt_star 672 94.1567 23.0522 13.7698 17.6876 16.8072 1.12537 16.7695
bi_rrt_star 673 94.2298 23.0522 13.7698 17.6876 16.8072 1.12537 16.7695
bi_rrt_star 674 94.5231 23.0522 13.7698 17.6876 16.8072 1.12537 16.7695
bi_rrt_star 675 94.8578 23.0522 13.7698 17.6876 16.8072 1.12537 16.7695
bi_rrt_star 676 94.9126 23.0522 13.7698 17.6876 16.8072 1.12537 16.7695
bi_rrt_star 677 95.2952 23.0522 13.7698 17.6876 16.8072 1.12537 16.7695
bi_rrt_star 678 95.4675 23.0522 13.7698 17.6876 16.8072 1.12537 16.7695
bi_rrt_star 679 95.5496 23.0522 13.7698 17.6876 16.8072 1.12537 16.7695
bi_rrt_star 680 95.738 23.0522 13.7698 17.6876 16.8072 1.12537 16.7695
bi_rrt_star 681 95.8694 23.0522 13.7698 17.6876 16.8072 1.12537 16.7695
bi_rrt_star 682 96.2622 23.0522 13.7698 17.6876 16.8072 1.12537 16.7695
bi_rrt_star 683 96.3256 23.0522 13.7698 17.6876 16.8072 1.12537 16.7695
bi_rrt_star 684 96.4559 23.0522 13.7698 17.6876 16.8072 1.12537 16.7695
bi_rrt_star 685 96.5123 23.0522 13.7698 17.6876 16.8072 1.12537 16.7695
bi_rrt_star 686 96.888 23.0522 13.7698 17.6876 16.8072 1.12537 16.7695
bi_rrt_star 687 97.0937 23.0522 13.7698 17.6876 16.8072 1.12537 16.7695
bi_rrt_star 688 97.5864 23.0522 13.7698 17.6876 16.8072 1.12537 16.7695
bi_rrt_star 689 97.7288 23.0522 13.7698 17.6876 16.8072 1.12537 16.7695
bi_rrt_star 690 97.8294 23.0522 13.7698 17.6876 16.8072 1.12537 16.7695
bi_rrt_star 691 97.8812 23.0522 13.7698 17.6876 16.8072 1.12537 16.7695
bi_rrt_star 692 98.3017 23.0522 13.7698 17.6876 16.8072 1.12537 16.7695
bi_rrt_star 693 98.6656 23.0522 13.7698 17.6876 16.8072 1.12537 16.7695
bi_rrt_star 694 98.7365 23.0522 13.7698 17.6876 16.8072 1.12537 16.7695
bi_rrt_star 695 98.7952 23.0522 13.7698 17.6876 16.8072 1.12537 16.7695
bi_rrt_star 696 99.1993 23.0522 13.7698 17.6876 16.8072 1.12537 16.7695
bi_rrt_star 697 99.3578 23.0522 13.7698 17.6876 16.8072 1.12537 16.7695
bi_rrt_star 698 99.6764 23.0522 13.7698 17.6876 16.8072 1.12537 16.7695
bi_rrt_star 699 99.7323 23.0522 13.7698 17.6876 16.8072 1.12537 16.7695
bi_rrt_star 700 99.8446 23.0522 13.7698 17.6876 16.8072 1.12537 16.7695
bi_rrt_star 701 99.9101 23.0522 13.7698 17.6876 16.8072 1.12537 16.7695
bi_rrt_star 702 100.316 23.0522 13.7698 17.6876 16.8072 1.12537 16.7695
bi_rrt_star 703 100.762 23.0522 13.7698 17.6876 16.8072 1.12537 16.7695
bi_rrt_star 704 100.815 23.0522 13.7698 17.6876 16.8072 1.12537 16.7695
bi_rrt_star 705 101.135 23.0522 13.7698 17.6876 16.8072 1.12537 16.7695
bi_rrt_star 706 101.193 23.0522 13.7698 17.6876 16.8072 1.12537 16.7695
bi_rrt_star 707 101.25 23.0522 13.7698 17.6876 16.8072 1.12537 16.7695
bi_rrt_star 708 101.348 23.0522 13.7698 17.6876 16.8072 1.12537 16.7695
bi_rrt_star 709 101.413 23.0522 13.7698 17.6876 16.8072 1.12537 16.7695
bi_rrt_star 710 101.511 23.0522 13.7698 17.6876 16.8072 1.12537 16.7695
bi_rrt_star 711 101.916 23.0522 13.7698 17.6876 16.8072 1.12537 16.7695
bi_rrt_star 712 102.454 23.0522 13.7698 17.6876 16.8072 1.12537 16.7695
bi_rrt_star 713 102.659 23.0522 13.7698 17.6876 16.8072 1.12537 16.7695
bi_rrt_star 714 102.816 23.0522 13.7698 17.6876 16.8072 1.12537 16.7695
bi_rrt_star 715 103.145 23.0522 13.7698 17.6876 16.8072 1.12537 16.7695
bi_rrt_star 716 103.324 23.0522 13.7698 17.6876 16.8072 1.12537 16.7695
bi_rrt_star 717 103.427 23.0522 13.7698 17.6876 16.8072 1.12537 16.7695
bi_rrt_star 718 103.478 23.0522 13.7698 17.6876 16.8072 1.12537 16.7695
bi_rrt_star 719 103.812 23.0522 13.7698 17.6876 16.8072 1.12537 16.7695
bi_rrt_star 720 103.987 23.0522 13.7698 17.6876 16.8072 1.12537 16.7695
bi_rrt_star 721 104.39 23.0522 13.7698 17.6876 16.8072 1.12537 16.7695
bi_rrt_star 722 104.753 23.0522 13.7698 17.6876 16.8072 1.12537 16.7695
bi_rrt_star 723 105.115 23.0522 13.7698 17.6876 16.8072 1.12537 16.7695
bi_rrt_star 724 105.2 23.0522 13.7698 17.6876 16.8072 1.12537 16.7695
bi_rrt_star 725 105.364 23.0522 13.7698 17.6876 16.8072 1.12537 16.7695
bi_rrt_star 726 105.439 23.0522 13.7698 17.6876 16.8072 1.12537 16.7695
bi_rrt_star 727 105.73 23.0522 13.7698 17.6876 16.8072 1.12537 16.7695
bi_rrt_star 728 106.115 23.0522 13.7698 17.6876 16.8072 1.12537 16.7695
bi_rrt_star 729 106.466 23.0522 13.7698 17.6876 16.8072 1.12537 16.7695
bi_rrt_star 730 106.818 23.0522 13.7698 17.6876 16.8072 1.12537 16.7695
bi_rrt_star 731 106.969 23.0522 13.7698 17.6876 16.8072 1.12537 16.7695
bi_rrt_star 732 107.087 23.0522 13.7698 17.6876 16.8072 1.12537 16.7695
bi_rrt_star 733 107.443 23.0522 13.7698 17.6876 16.8072 1.12537 16.7695
bi_rrt_star 734 107.493 23.0522 13.7698 17.6876 16.8072 1.12537 16.7695
bi_rrt_star 735 107.617 23.0522 13.7698 17.6876 16.8072 1.12537 16.7695
bi_rrt_star 736 107.713 23.0522 13.7698 17.6876 16.8072 1.12537 16.7695
bi_rrt_star 737 107.778 23.0522 13.7698 17.6876 16.8072 1.12537 16.7695
bi_rrt_star 738 108.08 23.0522 13.7698 17.6876 16.8072 1.12537 16.7695
bi_rrt_star 739 108.148 23.0522 13.7698 17.6876 16.8072 1.12537 16.7695
bi_rrt_star 740 108.242 23.0522 13.7698 17.6876 16.8072 1.12537 16.7695
bi_rrt_star 741 108.336 23.0522 13.7698 17.6876 16.8072 1.12537 16.7695
bi_rrt_star 742 108.415 23.0522 13.7698 17.6876 16.8072 1.12537 16.7695
bi_rrt_star 743 108.665 23.0522 13.7698 17.6876 16.8072 1.12537 16.7695
bi_rrt_star 744 108.728 23.0522 13.7698 17.6876 16.8072 1.12537 16.7695
bi_rrt_star 745 108.778 23.0522 13.7698 17.6876 16.8072 1.12537 16.7695
bi_rrt_star 746 108.985 23.0522 13.7698 17.6876 16.8072 1.12537 16.7695
bi_rrt_star 747 109.174 23.0522 13.7698 17.6876 16.8072 1.12537 16.7695
bi_rrt_star 748 109.23 23.0522 13.7698 17.6876 16.8072 1.12537 16.7695
bi_rrt_star 749 109.327 23.0522 13.7698 17.6876 16.8072 1.12537 16.7695
bi_rrt_star 750 109.483 23.0522 13.7698 17.6876 16.8072 1.12537 16.7695
bi_rrt_star 751 109.655 23.0522 13.7698 17.6876 16.8072 1.12537 16.7695
bi_rrt_star 752 109.998 23.0522 13.7698 17.6876 16.8072 1.12537 16.7695
bi_rrt_star 753 110.051 23.0522 13.7698 17.6876 16.8072 1.12537 16.7695
bi_rrt_star 754 110.358 23.0522 13.7698 17.6876 16.8072 1.12537 16.7695
bi_rrt_star 755 110.694 23.0522 13.7698 17.6876 16.8072 1.12537 16.7695
bi_rrt_star 756 110.779 23.0522 13.7698 17.6876 16.8072 1.12537 16.7695
bi_rrt_star 757 110.875 23.0522 13.7698 17.6876 16.8072 1.12537 16.7695
bi_rrt_star 758 110.938 23.0522 13.7698 17.6876 16.8072 1.12537 16.7695
bi_rrt_star 759 111.284 23.0522 13.7698 17.6876 16.8072 1.12537 16.7695
bi_rrt_star 760 111.659 23.0522 13.7698 17.6876 16.8072 1.12537 16.7695
bi_rrt_star 761 112.091 23.0522 13.7698 17.6876 16.8072 1.12537 16.7695
bi_rrt_star 762 112.185 23.0522 13.7698 17.6876 16.8072 1.12537 16.7695
bi_rrt_star 763 112.255 23.0522 13.7698 17.6876 16.8072 1.12537 16.7695
bi_rrt_star 764 112.303 23.0522 13.7698 17.6876 16.8072 1.12537 16.7695
bi_rrt_star 765 112.376 23.0522 13.7698 17.6876 16.8072 1.12537 16.7695
bi_rrt_star 766 112.485 23.0522 13.7698 17.6876 16.8072 1.12537 16.7695
bi_rrt_star 767 112.554 23.0522 13.7698 17.6876 16.8072 1.12537 16.7695
bi_rrt_star 768 112.725 23.0522 13.7698 17.6876 16.8072 1.12537 16.7695
bi_rrt_star 769 113.126 23.0522 13.7698 17.6876 16.8072 1.12537 16.7695
bi_rrt_star 770 113.529 23.0522 13.7698 17.6876 16.8072 1.12537 16.7695
bi_rrt_star 771 113.644 23.0522 13.7698 17.6876 16.8072 1.12537 16.7695
bi_rrt_star 772 114.043 23.0522 13.7698 17.6876 16.8072 1.12537 16.7695
bi_rrt_star 773 114.115 23.0522 13.7698 17.6876 16.8072 1.12537 16.7695
bi_rrt_star 774 114.198 23.0522 13.7698 17.6876 16.8072 1.12537 16.7695
bi_rrt_star 775 114.39 23.0522 13.7698 17.6876 16.8072 1.12537 16.7695
bi_rrt_star 776 114.59 23.0522 13.7698 17.6876 16.8072 1.12537 16.7695
bi_rrt_star 777 114.837 23.0522 13.7698 17.6876 16.8072 1.12537 16.7695
bi_rrt_star 778 114.909 23.0522 13.7698 17.6876 16.8072 1.12537 16.7695
bi_rrt_star 779 114.966 23.0522 13.7698 17.6876 16.8072 1.12537 16.7695
bi_rrt_star 780 115.17 23.0522 13.7698 17.6876 16.8072 1.12537 16.7695
bi_rrt_star 781 115.224 23.0522 13.7698 17.6876 16.8072 1.12537 16.7695
bi_rrt_star 782 115.296 23.0522 13.7698 17.6876 16.8072 1.12537 16.7695
bi_rrt_star 783 115.353 23.0522 13.7698 17.6876 16.8072 1.12537 16.7695
bi_rrt_star 784 115.438 23.0522 13.7698 17.6876 16.8072 1.12537 16.7695
bi_rrt_star 785 115.518 23.0522 13.7698 17.6876 16.8072 1.12537 16.7695
bi_rrt_star 786 115.588 23.0522 13.7698 17.6876 16.8072 1.12537 16.7695
bi_rrt_star 787 115.647 23.0522 13.7698 17.6876 16.8072 1.12537 16.7695
bi_rrt_star 788 116.033 23.0522 13.7698 17.6876 16.8072 1.12537 16.7695
bi_rrt_star 789 116.405 23.0522 13.7698 17.6876 16.8072 1.12537 16.7695
bi_rrt_star 790 116.549 23.0522 13.7698 17.6876 16.8072 1.12537 16.7695
bi_rrt_star 791 116.928 23.0522 13.7698 17.6876 16.8072 1.12537 16.7695
bi_rrt_star 792 116.949 23.0522 13.7698 17.6876 16.8072 1.12537 16.7695
bi_rrt_star 793 117.027 23.0522 13.7698 17.6876 16.8072 1.12537 16.7695
bi_rrt_star 794 117.517 23.0522 13.7698 17.6876 16.8072 1.12537 16.7695
bi_rrt_star 795 117.729 23.0522 13.7698 17.6876 16.8072 1.12537 16.7695
bi_rrt_star 796 117.788 23.0522 13.7698 17.6876 16.8072 1.12537 16.7695
bi_rrt_star 797 118.218 23.0522 13.7698 17.6876 16.8072 1.12537 16.7695
bi_rrt_star 798 118.277 23.0522 13.7698 17.6876 16.8072 1.12537 16.7695
bi_rrt_star 799 118.335 23.0522 13.7698 17.6876 16.8072 1.12537 16.7695
bi_rrt_star 800 118.399 23.0522 13.7698 17.6876 16.8072 1.12537 16.7695
bi_rrt_star 801 118.685 23.0522 13.7698 17.6876 16.8072 1.12537 16.7695
bi_rrt_star 802 118.75 23.0522 13.7698 17.6876 16.8072 1.12537 16.7695
bi_rrt_star 803 119.181 23.0522 13.7698 17.6876 16.8072 1.12537 16.7695
bi_rrt_star 804 119.548 23.0522 13.7698 17.6876 16.8072 1.12537 16.7695
bi_rrt_star 805 119.931 23.0522 13.7698 17.6876 16.8072 1.12537 16.7695
bi_rrt_star 806 119.989 23.0522 13.7698 17.6876 16.8072 1.12537 16.7695
bi_rrt_star 807 120.048 23.0522 13.7698 17.6876 16.8072 1.12537 16.7695
