planner_name iteration planning_time_elapsed cost_solution_total cost_solution_revolute cost_solution_prismatic theoretical_cost_total theoretical_cost_revolute theoretical_cost_prismatic
uni_informed_rrt_star 1 0.0280368 10000 10000 10000 16.8072 1.12537 16.7695
uni_informed_rrt_star 2 0.0793951 10000 10000 10000 16.8072 1.12537 16.7695
uni_informed_rrt_star 3 0.099582 10000 10000 10000 16.8072 1.12537 16.7695
uni_informed_rrt_star 4 0.117293 10000 10000 10000 16.8072 1.12537 16.7695
uni_informed_rrt_star 5 0.141124 10000 10000 10000 16.8072 1.12537 16.7695
uni_informed_rrt_star 6 0.156119 10000 10000 10000 16.8072 1.12537 16.7695
uni_informed_rrt_star 7 0.169795 10000 10000 10000 16.8072 1.12537 16.7695
uni_informed_rrt_star 8 0.184681 10000 10000 10000 16.8072 1.12537 16.7695
uni_informed_rrt_star 9 0.19868 10000 10000 10000 16.8072 1.12537 16.7695
uni_informed_rrt_star 10 0.219313 10000 10000 10000 16.8072 1.12537 16.7695
uni_informed_rrt_star 11 0.247193 10000 10000 10000 16.8072 1.12537 16.7695
uni_informed_rrt_star 12 0.282826 10000 10000 10000 16.8072 1.12537 16.7695
uni_informed_rrt_star 13 0.311132 10000 10000 10000 16.8072 1.12537 16.7695
uni_informed_rrt_star 14 0.341455 10000 10000 10000 16.8072 1.12537 16.7695
uni_informed_rrt_star 15 0.371208 10000 10000 10000 16.8072 1.12537 16.7695
uni_informed_rrt_star 16 0.402721 10000 10000 10000 16.8072 1.12537 16.7695
uni_informed_rrt_star 17 0.43507 10000 10000 10000 16.8072 1.12537 16.7695
uni_informed_rrt_star 18 0.465921 10000 10000 10000 16.8072 1.12537 16.7695
uni_informed_rrt_star 19 0.486335 10000 10000 10000 16.8072 1.12537 16.7695
uni_informed_rrt_star 20 0.516566 10000 10000 10000 16.8072 1.12537 16.7695
uni_informed_rrt_star 21 0.551426 10000 10000 10000 16.8072 1.12537 16.7695
uni_informed_rrt_star 22 0.572748 10000 10000 10000 16.8072 1.12537 16.7695
uni_informed_rrt_star 23 0.603811 10000 10000 10000 16.8072 1.12537 16.7695
uni_informed_rrt_star 24 0.631412 10000 10000 10000 16.8072 1.12537 16.7695
uni_informed_rrt_star 25 0.666064 10000 10000 10000 16.8072 1.12537 16.7695
uni_informed_rrt_star 26 0.702747 10000 10000 10000 16.8072 1.12537 16.7695
uni_informed_rrt_star 27 0.727465 10000 10000 10000 16.8072 1.12537 16.7695
uni_informed_rrt_star 28 0.74385 10000 10000 10000 16.8072 1.12537 16.7695
uni_informed_rrt_star 29 0.77402 10000 10000 10000 16.8072 1.12537 16.7695
uni_informed_rrt_star 30 0.801154 10000 10000 10000 16.8072 1.12537 16.7695
uni_informed_rrt_star 31 0.829597 10000 10000 10000 16.8072 1.12537 16.7695
uni_informed_rrt_star 32 0.866171 10000 10000 10000 16.8072 1.12537 16.7695
uni_informed_rrt_star 33 0.892072 10000 10000 10000 16.8072 1.12537 16.7695
uni_informed_rrt_star 34 0.926106 10000 10000 10000 16.8072 1.12537 16.7695
uni_informed_rrt_star 35 0.9675 10000 10000 10000 16.8072 1.12537 16.7695
uni_informed_rrt_star 36 1.0095 10000 10000 10000 16.8072 1.12537 16.7695
uni_informed_rrt_star 37 1.03734 10000 10000 10000 16.8072 1.12537 16.7695
uni_informed_rrt_star 38 1.05462 10000 10000 10000 16.8072 1.12537 16.7695
uni_informed_rrt_star 39 1.08298 10000 10000 10000 16.8072 1.12537 16.7695
uni_informed_rrt_star 40 1.11338 10000 10000 10000 16.8072 1.12537 16.7695
uni_informed_rrt_star 41 1.13609 10000 10000 10000 16.8072 1.12537 16.7695
uni_informed_rrt_star 42 1.16461 10000 10000 10000 16.8072 1.12537 16.7695
uni_informed_rrt_star 43 1.18723 10000 10000 10000 16.8072 1.12537 16.7695
uni_informed_rrt_star 44 1.20995 10000 10000 10000 16.8072 1.12537 16.7695
uni_informed_rrt_star 45 1.25448 10000 10000 10000 16.8072 1.12537 16.7695
uni_informed_rrt_star 46 1.29436 10000 10000 10000 16.8072 1.12537 16.7695
uni_informed_rrt_star 47 1.3231 10000 10000 10000 16.8072 1.12537 16.7695
uni_informed_rrt_star 48 1.35145 10000 10000 10000 16.8072 1.12537 16.7695
uni_informed_rrt_star 49 1.37864 10000 10000 10000 16.8072 1.12537 16.7695
uni_informed_rrt_star 50 1.40369 10000 10000 10000 16.8072 1.12537 16.7695
uni_informed_rrt_star 51 1.44305 10000 10000 10000 16.8072 1.12537 16.7695
uni_informed_rrt_star 52 1.47144 10000 10000 10000 16.8072 1.12537 16.7695
uni_informed_rrt_star 53 1.51143 10000 10000 10000 16.8072 1.12537 16.7695
uni_informed_rrt_star 54 1.53703 10000 10000 10000 16.8072 1.12537 16.7695
uni_informed_rrt_star 55 1.56626 10000 10000 10000 16.8072 1.12537 16.7695
uni_informed_rrt_star 56 1.60381 10000 10000 10000 16.8072 1.12537 16.7695
uni_informed_rrt_star 57 1.6476 10000 10000 10000 16.8072 1.12537 16.7695
uni_informed_rrt_star 58 1.66816 10000 10000 10000 16.8072 1.12537 16.7695
uni_informed_rrt_star 59 1.69922 10000 10000 10000 16.8072 1.12537 16.7695
uni_informed_rrt_star 60 1.73341 10000 10000 10000 16.8072 1.12537 16.7695
uni_informed_rrt_star 61 1.7635 10000 10000 10000 16.8072 1.12537 16.7695
uni_informed_rrt_star 62 1.79031 10000 10000 10000 16.8072 1.12537 16.7695
uni_informed_rrt_star 63 1.82046 10000 10000 10000 16.8072 1.12537 16.7695
uni_informed_rrt_star 64 1.8443 10000 10000 10000 16.8072 1.12537 16.7695
uni_informed_rrt_star 65 1.86879 10000 10000 10000 16.8072 1.12537 16.7695
uni_informed_rrt_star 66 1.89938 10000 10000 10000 16.8072 1.12537 16.7695
uni_informed_rrt_star 67 1.94136 10000 10000 10000 16.8072 1.12537 16.7695
uni_informed_rrt_star 68 1.99155 10000 10000 10000 16.8072 1.12537 16.7695
uni_informed_rrt_star 69 2.02325 10000 10000 10000 16.8072 1.12537 16.7695
uni_informed_rrt_star 70 2.05268 10000 10000 10000 16.8072 1.12537 16.7695
uni_informed_rrt_star 71 2.07819 10000 10000 10000 16.8072 1.12537 16.7695
uni_informed_rrt_star 72 2.11559 10000 10000 10000 16.8072 1.12537 16.7695
uni_informed_rrt_star 73 2.14596 10000 10000 10000 16.8072 1.12537 16.7695
uni_informed_rrt_star 74 2.20913 10000 10000 10000 16.8072 1.12537 16.7695
uni_informed_rrt_star 75 2.23741 10000 10000 10000 16.8072 1.12537 16.7695
uni_informed_rrt_star 76 2.27118 10000 10000 10000 16.8072 1.12537 16.7695
uni_informed_rrt_star 77 2.29889 10000 10000 10000 16.8072 1.12537 16.7695
uni_informed_rrt_star 78 2.32501 10000 10000 10000 16.8072 1.12537 16.7695
uni_informed_rrt_star 79 2.35413 10000 10000 10000 16.8072 1.12537 16.7695
uni_informed_rrt_star 80 2.37614 10000 10000 10000 16.8072 1.12537 16.7695
uni_informed_rrt_star 81 2.40988 10000 10000 10000 16.8072 1.12537 16.7695
uni_informed_rrt_star 82 2.45687 10000 10000 10000 16.8072 1.12537 16.7695
uni_informed_rrt_star 83 2.47162 10000 10000 10000 16.8072 1.12537 16.7695
uni_informed_rrt_star 84 2.50984 10000 10000 10000 16.8072 1.12537 16.7695
uni_informed_rrt_star 85 2.54192 10000 10000 10000 16.8072 1.12537 16.7695
uni_informed_rrt_star 86 2.57485 10000 10000 10000 16.8072 1.12537 16.7695
uni_informed_rrt_star 87 2.60946 10000 10000 10000 16.8072 1.12537 16.7695
uni_informed_rrt_star 88 2.6325 10000 10000 10000 16.8072 1.12537 16.7695
uni_informed_rrt_star 89 2.66227 10000 10000 10000 16.8072 1.12537 16.7695
uni_informed_rrt_star 90 2.70598 10000 10000 10000 16.8072 1.12537 16.7695
uni_informed_rrt_star 91 2.73373 10000 10000 10000 16.8072 1.12537 16.7695
uni_informed_rrt_star 92 2.77025 10000 10000 10000 16.8072 1.12537 16.7695
uni_informed_rrt_star 93 2.81405 10000 10000 10000 16.8072 1.12537 16.7695
uni_informed_rrt_star 94 2.84327 10000 10000 10000 16.8072 1.12537 16.7695
uni_informed_rrt_star 95 2.89927 10000 10000 10000 16.8072 1.12537 16.7695
uni_informed_rrt_star 96 2.93628 10000 10000 10000 16.8072 1.12537 16.7695
uni_informed_rrt_star 97 2.96215 10000 10000 10000 16.8072 1.12537 16.7695
uni_informed_rrt_star 98 3.01357 62.9263 34.8507 48.5979 16.8072 1.12537 16.7695
uni_informed_rrt_star 99 3.07792 62.9263 34.8507 48.5979 16.8072 1.12537 16.7695
uni_informed_rrt_star 100 3.12463 62.9263 34.8507 48.5979 16.8072 1.12537 16.7695
uni_informed_rrt_star 101 3.21203 62.9263 34.8507 48.5979 16.8072 1.12537 16.7695
uni_informed_rrt_star 102 3.63464 61.4572 36.2401 46.1505 16.8072 1.12537 16.7695
uni_informed_rrt_star 103 3.75308 61.4572 36.2401 46.1505 16.8072 1.12537 16.7695
uni_informed_rrt_star 104 3.86993 61.4572 36.2401 46.1505 16.8072 1.12537 16.7695
uni_informed_rrt_star 105 4.22958 61.4572 36.2401 46.1505 16.8072 1.12537 16.7695
uni_informed_rrt_star 106 4.38974 61.4572 36.2401 46.1505 16.8072 1.12537 16.7695
uni_informed_rrt_star 107 4.45573 61.4572 36.2401 46.1505 16.8072 1.12537 16.7695
uni_informed_rrt_star 108 4.56907 61.4572 36.2401 46.1505 16.8072 1.12537 16.7695
uni_informed_rrt_star 109 4.67645 61.4572 36.2401 46.1505 16.8072 1.12537 16.7695
uni_informed_rrt_star 110 4.86245 61.4572 36.2401 46.1505 16.8072 1.12537 16.7695
uni_informed_rrt_star 111 4.98108 61.4572 36.2401 46.1505 16.8072 1.12537 16.7695
uni_informed_rrt_star 112 5.04452 61.4572 36.2401 46.1505 16.8072 1.12537 16.7695
uni_informed_rrt_star 113 5.17728 61.4572 36.2401 46.1505 16.8072 1.12537 16.7695
uni_informed_rrt_star 114 5.24736 61.4572 36.2401 46.1505 16.8072 1.12537 16.7695
uni_informed_rrt_star 115 5.36814 61.4572 36.2401 46.1505 16.8072 1.12537 16.7695
uni_informed_rrt_star 116 5.48043 61.4572 36.2401 46.1505 16.8072 1.12537 16.7695
uni_informed_rrt_star 117 5.53289 61.4572 36.2401 46.1505 16.8072 1.12537 16.7695
uni_informed_rrt_star 118 5.66399 61.4572 36.2401 46.1505 16.8072 1.12537 16.7695
uni_informed_rrt_star 119 5.79467 61.4572 36.2401 46.1505 16.8072 1.12537 16.7695
uni_informed_rrt_star 120 5.87232 61.4572 36.2401 46.1505 16.8072 1.12537 16.7695
uni_informed_rrt_star 121 5.93261 61.4572 36.2401 46.1505 16.8072 1.12537 16.7695
uni_informed_rrt_star 122 6.01194 61.4572 36.2401 46.1505 16.8072 1.12537 16.7695
uni_informed_rrt_star 123 6.24896 61.4572 36.2401 46.1505 16.8072 1.12537 16.7695
uni_informed_rrt_star 124 6.31505 61.4572 36.2401 46.1505 16.8072 1.12537 16.7695
uni_informed_rrt_star 125 6.36921 61.4572 36.2401 46.1505 16.8072 1.12537 16.7695
uni_informed_rrt_star 126 6.40457 61.4572 36.2401 46.1505 16.8072 1.12537 16.7695
uni_informed_rrt_star 127 6.47148 61.4572 36.2401 46.1505 16.8072 1.12537 16.7695
uni_informed_rrt_star 128 6.54128 61.4572 36.2401 46.1505 16.8072 1.12537 16.7695
uni_informed_rrt_star 129 6.58996 61.4572 36.2401 46.1505 16.8072 1.12537 16.7695
uni_informed_rrt_star 130 6.70593 61.4572 36.2401 46.1505 16.8072 1.12537 16.7695
uni_informed_rrt_star 131 7.03009 61.4572 36.2401 46.1505 16.8072 1.12537 16.7695
uni_informed_rrt_star 132 7.45744 61.4572 36.2401 46.1505 16.8072 1.12537 16.7695
uni_informed_rrt_star 133 7.54058 61.4572 36.2401 46.1505 16.8072 1.12537 16.7695
uni_informed_rrt_star 134 7.6453 61.4572 36.2401 46.1505 16.8072 1.12537 16.7695
uni_informed_rrt_star 135 8.03855 61.4572 36.2401 46.1505 16.8072 1.12537 16.7695
uni_informed_rrt_star 136 8.17526 61.4572 36.2401 46.1505 16.8072 1.12537 16.7695
uni_informed_rrt_star 137 8.57978 29.0379 16.6499 20.9686 16.8072 1.12537 16.7695
uni_informed_rrt_star 138 8.8843 26.9759 16.244 19.2207 16.8072 1.12537 16.7695
uni_informed_rrt_star 139 8.93047 26.9759 16.244 19.2207 16.8072 1.12537 16.7695
uni_informed_rrt_star 140 8.98196 26.9759 16.244 19.2207 16.8072 1.12537 16.7695
uni_informed_rrt_star 141 9.02711 26.9759 16.244 19.2207 16.8072 1.12537 16.7695
uni_informed_rrt_star 142 9.19754 26.9759 16.244 19.2207 16.8072 1.12537 16.7695
uni_informed_rrt_star 143 9.31314 26.9759 16.244 19.2207 16.8072 1.12537 16.7695
uni_informed_rrt_star 144 9.36574 26.9759 16.244 19.2207 16.8072 1.12537 16.7695
uni_informed_rrt_star 145 9.6671 26.5943 16.5701 19.7725 16.8072 1.12537 16.7695
uni_informed_rrt_star 146 9.78608 26.5943 16.5701 19.7725 16.8072 1.12537 16.7695
uni_informed_rrt_star 147 9.84517 26.5943 16.5701 19.7725 16.8072 1.12537 16.7695
uni_informed_rrt_star 148 9.93306 26.5943 16.5701 19.7725 16.8072 1.12537 16.7695
uni_informed_rrt_star 149 10.0636 26.5943 16.5701 19.7725 16.8072 1.12537 16.7695
uni_informed_rrt_star 150 10.2778 26.5943 16.5701 19.7725 16.8072 1.12537 16.7695
uni_informed_rrt_star 151 10.3593 26.5943 16.5701 19.7725 16.8072 1.12537 16.7695
uni_informed_rrt_star 152 10.4355 26.5943 16.5701 19.7725 16.8072 1.12537 16.7695
uni_informed_rrt_star 153 10.5373 26.5943 16.5701 19.7725 16.8072 1.12537 16.7695
uni_informed_rrt_star 154 10.6072 26.5943 16.5701 19.7725 16.8072 1.12537 16.7695
uni_informed_rrt_star 155 10.6788 26.5943 16.5701 19.7725 16.8072 1.12537 16.7695
uni_informed_rrt_star 156 10.9489 26.5943 16.5701 19.7725 16.8072 1.12537 16.7695
uni_informed_rrt_star 157 11.167 26.5943 16.5701 19.7725 16.8072 1.12537 16.7695
uni_informed_rrt_star 158 11.2362 26.5943 16.5701 19.7725 16.8072 1.12537 16.7695
uni_informed_rrt_star 159 11.5112 26.5943 16.5701 19.7725 16.8072 1.12537 16.7695
uni_informed_rrt_star 160 11.5313 26.5943 16.5701 19.7725 16.8072 1.12537 16.7695
uni_informed_rrt_star 161 11.6079 26.5943 16.5701 19.7725 16.8072 1.12537 16.7695
uni_informed_rrt_star 162 11.7764 26.5943 16.5701 19.7725 16.8072 1.12537 16.7695
uni_informed_rrt_star 163 11.9078 26.5943 16.5701 19.7725 16.8072 1.12537 16.7695
uni_informed_rrt_star 164 12.1894 26.5943 16.5701 19.7725 16.8072 1.12537 16.7695
uni_informed_rrt_star 165 12.3294 26.5943 16.5701 19.7725 16.8072 1.12537 16.7695
uni_informed_rrt_star 166 12.4013 26.5943 16.5701 19.7725 16.8072 1.12537 16.7695
uni_informed_rrt_star 167 12.4622 26.5943 16.5701 19.7725 16.8072 1.12537 16.7695
uni_informed_rrt_star 168 12.5245 26.5943 16.5701 19.7725 16.8072 1.12537 16.7695
uni_informed_rrt_star 169 12.5844 26.5943 16.5701 19.7725 16.8072 1.12537 16.7695
uni_informed_rrt_star 170 12.9131 26.5943 16.5701 19.7725 16.8072 1.12537 16.7695
uni_informed_rrt_star 171 12.9729 26.5943 16.5701 19.7725 16.8072 1.12537 16.7695
uni_informed_rrt_star 172 13.0364 26.5943 16.5701 19.7725 16.8072 1.12537 16.7695
uni_informed_rrt_star 173 13.1393 26.5943 16.5701 19.7725 16.8072 1.12537 16.7695
uni_informed_rrt_star 174 13.2226 26.5943 16.5701 19.7725 16.8072 1.12537 16.7695
uni_informed_rrt_star 175 13.2641 26.5943 16.5701 19.7725 16.8072 1.12537 16.7695
uni_informed_rrt_star 176 13.4813 26.5943 16.5701 19.7725 16.8072 1.12537 16.7695
uni_informed_rrt_star 177 13.6505 26.5943 16.5701 19.7725 16.8072 1.12537 16.7695
uni_informed_rrt_star 178 13.7426 26.5943 16.5701 19.7725 16.8072 1.12537 16.7695
uni_informed_rrt_star 179 13.9039 26.5943 16.5701 19.7725 16.8072 1.12537 16.7695
uni_informed_rrt_star 180 14.4431 26.5943 16.5701 19.7725 16.8072 1.12537 16.7695
uni_informed_rrt_star 181 14.5232 26.5943 16.5701 19.7725 16.8072 1.12537 16.7695
uni_informed_rrt_star 182 14.729 26.5943 16.5701 19.7725 16.8072 1.12537 16.7695
uni_informed_rrt_star 183 14.8235 26.5943 16.5701 19.7725 16.8072 1.12537 16.7695
uni_informed_rrt_star 184 14.9692 26.5943 16.5701 19.7725 16.8072 1.12537 16.7695
uni_informed_rrt_star 185 15.0157 26.5943 16.5701 19.7725 16.8072 1.12537 16.7695
uni_informed_rrt_star 186 15.5732 26.5943 16.5701 19.7725 16.8072 1.12537 16.7695
uni_informed_rrt_star 187 15.6493 26.5943 16.5701 19.7725 16.8072 1.12537 16.7695
uni_informed_rrt_star 188 15.7179 26.5943 16.5701 19.7725 16.8072 1.12537 16.7695
uni_informed_rrt_star 189 15.7659 26.5943 16.5701 19.7725 16.8072 1.12537 16.7695
uni_informed_rrt_star 190 15.8223 26.5943 16.5701 19.7725 16.8072 1.12537 16.7695
uni_informed_rrt_star 191 15.9576 26.5943 16.5701 19.7725 16.8072 1.12537 16.7695
uni_informed_rrt_star 192 16.05 26.5943 16.5701 19.7725 16.8072 1.12537 16.7695
uni_informed_rrt_star 193 16.3081 26.5943 16.5701 19.7725 16.8072 1.12537 16.7695
uni_informed_rrt_star 194 16.5025 26.5943 16.5701 19.7725 16.8072 1.12537 16.7695
uni_informed_rrt_star 195 16.8842 26.5943 16.5701 19.7725 16.8072 1.12537 16.7695
uni_informed_rrt_star 196 17.3035 26.5943 16.5701 19.7725 16.8072 1.12537 16.7695
uni_informed_rrt_star 197 17.3973 26.5943 16.5701 19.7725 16.8072 1.12537 16.7695
uni_informed_rrt_star 198 17.7862 26.5943 16.5701 19.7725 16.8072 1.12537 16.7695
uni_informed_rrt_star 199 17.8384 26.5943 16.5701 19.7725 16.8072 1.12537 16.7695
uni_informed_rrt_star 200 17.9277 26.5943 16.5701 19.7725 16.8072 1.12537 16.7695
uni_informed_rrt_star 201 18.0522 26.5943 16.5701 19.7725 16.8072 1.12537 16.7695
uni_informed_rrt_star 202 18.2156 26.5943 16.5701 19.7725 16.8072 1.12537 16.7695
uni_informed_rrt_star 203 18.3293 26.5943 16.5701 19.7725 16.8072 1.12537 16.7695
uni_informed_rrt_star 204 18.7334 26.5943 16.5701 19.7725 16.8072 1.12537 16.7695
uni_informed_rrt_star 205 19.0352 26.5943 16.5701 19.7725 16.8072 1.12537 16.7695
uni_informed_rrt_star 206 19.0817 26.5943 16.5701 19.7725 16.8072 1.12537 16.7695
uni_informed_rrt_star 207 19.5654 26.5943 16.5701 19.7725 16.8072 1.12537 16.7695
uni_informed_rrt_star 208 19.6117 26.5943 16.5701 19.7725 16.8072 1.12537 16.7695
uni_informed_rrt_star 209 19.829 26.5943 16.5701 19.7725 16.8072 1.12537 16.7695
uni_informed_rrt_star 210 19.8925 26.5943 16.5701 19.7725 16.8072 1.12537 16.7695
uni_informed_rrt_star 211 20.1815 26.5943 16.5701 19.7725 16.8072 1.12537 16.7695
uni_informed_rrt_star 212 20.2474 26.5943 16.5701 19.7725 16.8072 1.12537 16.7695
uni_informed_rrt_star 213 20.6567 26.5943 16.5701 19.7725 16.8072 1.12537 16.7695
uni_informed_rrt_star 214 20.7513 26.5943 16.5701 19.7725 16.8072 1.12537 16.7695
uni_informed_rrt_star 215 21.1809 26.5943 16.5701 19.7725 16.8072 1.12537 16.7695
uni_informed_rrt_star 216 21.4616 26.5943 16.5701 19.7725 16.8072 1.12537 16.7695
uni_informed_rrt_star 217 21.663 26.5943 16.5701 19.7725 16.8072 1.12537 16.7695
uni_informed_rrt_star 218 22.0057 26.5943 16.5701 19.7725 16.8072 1.12537 16.7695
uni_informed_rrt_star 219 22.0855 26.5943 16.5701 19.7725 16.8072 1.12537 16.7695
uni_informed_rrt_star 220 22.4907 26.5943 16.5701 19.7725 16.8072 1.12537 16.7695
uni_informed_rrt_star 221 22.5484 26.5943 16.5701 19.7725 16.8072 1.12537 16.7695
uni_informed_rrt_star 222 22.5912 26.5943 16.5701 19.7725 16.8072 1.12537 16.7695
uni_informed_rrt_star 223 22.6182 26.5943 16.5701 19.7725 16.8072 1.12537 16.7695
uni_informed_rrt_star 224 22.8334 26.5943 16.5701 19.7725 16.8072 1.12537 16.7695
uni_informed_rrt_star 225 22.9253 26.5943 16.5701 19.7725 16.8072 1.12537 16.7695
uni_informed_rrt_star 226 23.0024 26.5943 16.5701 19.7725 16.8072 1.12537 16.7695
uni_informed_rrt_star 227 23.3298 26.5943 16.5701 19.7725 16.8072 1.12537 16.7695
uni_informed_rrt_star 228 23.424 26.5943 16.5701 19.7725 16.8072 1.12537 16.7695
uni_informed_rrt_star 229 23.6693 26.5943 16.5701 19.7725 16.8072 1.12537 16.7695
uni_informed_rrt_star 230 23.7459 26.5943 16.5701 19.7725 16.8072 1.12537 16.7695
uni_informed_rrt_star 231 24.1077 26.5943 16.5701 19.7725 16.8072 1.12537 16.7695
uni_informed_rrt_star 232 24.1834 26.5943 16.5701 19.7725 16.8072 1.12537 16.7695
uni_informed_rrt_star 233 24.2916 26.5943 16.5701 19.7725 16.8072 1.12537 16.7695
uni_informed_rrt_star 234 24.3958 26.5943 16.5701 19.7725 16.8072 1.12537 16.7695
uni_informed_rrt_star 235 24.4454 26.5943 16.5701 19.7725 16.8072 1.12537 16.7695
uni_informed_rrt_star 236 24.7145 26.5943 16.5701 19.7725 16.8072 1.12537 16.7695
uni_informed_rrt_star 237 25.0238 26.5943 16.5701 19.7725 16.8072 1.12537 16.7695
uni_informed_rrt_star 238 25.0885 26.5943 16.5701 19.7725 16.8072 1.12537 16.7695
uni_informed_rrt_star 239 25.1615 26.5943 16.5701 19.7725 16.8072 1.12537 16.7695
uni_informed_rrt_star 240 25.1978 26.5943 16.5701 19.7725 16.8072 1.12537 16.7695
uni_informed_rrt_star 241 25.2221 26.5943 16.5701 19.7725 16.8072 1.12537 16.7695
uni_informed_rrt_star 242 25.4222 26.5943 16.5701 19.7725 16.8072 1.12537 16.7695
uni_informed_rrt_star 243 25.4982 26.5943 16.5701 19.7725 16.8072 1.12537 16.7695
uni_informed_rrt_star 244 25.8787 26.5943 16.5701 19.7725 16.8072 1.12537 16.7695
uni_informed_rrt_star 245 25.9445 26.5943 16.5701 19.7725 16.8072 1.12537 16.7695
uni_informed_rrt_star 246 26.0425 26.5943 16.5701 19.7725 16.8072 1.12537 16.7695
uni_informed_rrt_star 247 26.1304 26.5943 16.5701 19.7725 16.8072 1.12537 16.7695
uni_informed_rrt_star 248 26.1735 26.5943 16.5701 19.7725 16.8072 1.12537 16.7695
uni_informed_rrt_star 249 26.2212 26.5943 16.5701 19.7725 16.8072 1.12537 16.7695
uni_informed_rrt_star 250 26.2767 26.5943 16.5701 19.7725 16.8072 1.12537 16.7695
uni_informed_rrt_star 251 26.3444 26.5943 16.5701 19.7725 16.8072 1.12537 16.7695
uni_informed_rrt_star 252 26.4458 26.5943 16.5701 19.7725 16.8072 1.12537 16.7695
uni_informed_rrt_star 253 26.8072 26.5943 16.5701 19.7725 16.8072 1.12537 16.7695
uni_informed_rrt_star 254 26.9099 26.5943 16.5701 19.7725 16.8072 1.12537 16.7695
uni_informed_rrt_star 255 27.0141 26.5943 16.5701 19.7725 16.8072 1.12537 16.7695
uni_informed_rrt_star 256 27.03 26.5943 16.5701 19.7725 16.8072 1.12537 16.7695
uni_informed_rrt_star 257 27.2733 26.5943 16.5701 19.7725 16.8072 1.12537 16.7695
uni_informed_rrt_star 258 27.3143 26.5943 16.5701 19.7725 16.8072 1.12537 16.7695
uni_informed_rrt_star 259 27.3433 26.5943 16.5701 19.7725 16.8072 1.12537 16.7695
uni_informed_rrt_star 260 27.6223 26.5943 16.5701 19.7725 16.8072 1.12537 16.7695
uni_informed_rrt_star 261 28.1279 26.5943 16.5701 19.7725 16.8072 1.12537 16.7695
uni_informed_rrt_star 262 28.4756 26.5943 16.5701 19.7725 16.8072 1.12537 16.7695
uni_informed_rrt_star 263 28.6362 26.5943 16.5701 19.7725 16.8072 1.12537 16.7695
uni_informed_rrt_star 264 28.9747 26.5943 16.5701 19.7725 16.8072 1.12537 16.7695
uni_informed_rrt_star 265 29.1095 26.5943 16.5701 19.7725 16.8072 1.12537 16.7695
uni_informed_rrt_star 266 29.2498 26.5943 16.5701 19.7725 16.8072 1.12537 16.7695
uni_informed_rrt_star 267 29.3588 26.5943 16.5701 19.7725 16.8072 1.12537 16.7695
uni_informed_rrt_star 268 29.4173 26.5943 16.5701 19.7725 16.8072 1.12537 16.7695
uni_informed_rrt_star 269 29.8788 26.5943 16.5701 19.7725 16.8072 1.12537 16.7695
uni_informed_rrt_star 270 29.9831 26.5943 16.5701 19.7725 16.8072 1.12537 16.7695
uni_informed_rrt_star 271 30.0646 26.5943 16.5701 19.7725 16.8072 1.12537 16.7695
uni_informed_rrt_star 272 30.1036 26.5943 16.5701 19.7725 16.8072 1.12537 16.7695
uni_informed_rrt_star 273 30.4248 26.5943 16.5701 19.7725 16.8072 1.12537 16.7695
uni_informed_rrt_star 274 30.852 26.5943 16.5701 19.7725 16.8072 1.12537 16.7695
uni_informed_rrt_star 275 31.3072 26.5943 16.5701 19.7725 16.8072 1.12537 16.7695
uni_informed_rrt_star 276 31.4127 26.5943 16.5701 19.7725 16.8072 1.12537 16.7695
uni_informed_rrt_star 277 31.4809 26.5943 16.5701 19.7725 16.8072 1.12537 16.7695
uni_informed_rrt_star 278 31.5305 26.5943 16.5701 19.7725 16.8072 1.12537 16.7695
uni_informed_rrt_star 279 31.7488 26.5943 16.5701 19.7725 16.8072 1.12537 16.7695
uni_informed_rrt_star 280 31.942 26.5943 16.5701 19.7725 16.8072 1.12537 16.7695
uni_informed_rrt_star 281 32.029 26.5943 16.5701 19.7725 16.8072 1.12537 16.7695
uni_informed_rrt_star 282 32.0817 26.5943 16.5701 19.7725 16.8072 1.12537 16.7695
uni_informed_rrt_star 283 32.4184 26.5943 16.5701 19.7725 16.8072 1.12537 16.7695
uni_informed_rrt_star 284 32.813 26.5943 16.5701 19.7725 16.8072 1.12537 16.7695
uni_informed_rrt_star 285 33.2822 26.5943 16.5701 19.7725 16.8072 1.12537 16.7695
uni_informed_rrt_star 286 33.6225 26.5943 16.5701 19.7725 16.8072 1.12537 16.7695
uni_informed_rrt_star 287 33.988 26.5943 16.5701 19.7725 16.8072 1.12537 16.7695
uni_informed_rrt_star 288 34.1131 26.5943 16.5701 19.7725 16.8072 1.12537 16.7695
uni_informed_rrt_star 289 34.17 26.5943 16.5701 19.7725 16.8072 1.12537 16.7695
uni_informed_rrt_star 290 34.2252 26.5943 16.5701 19.7725 16.8072 1.12537 16.7695
uni_informed_rrt_star 291 34.3138 26.5943 16.5701 19.7725 16.8072 1.12537 16.7695
uni_informed_rrt_star 292 34.3854 26.5943 16.5701 19.7725 16.8072 1.12537 16.7695
uni_informed_rrt_star 293 34.446 26.5943 16.5701 19.7725 16.8072 1.12537 16.7695
uni_informed_rrt_star 294 34.8294 26.5943 16.5701 19.7725 16.8072 1.12537 16.7695
uni_informed_rrt_star 295 35.2118 26.5943 16.5701 19.7725 16.8072 1.12537 16.7695
uni_informed_rrt_star 296 35.28 26.5943 16.5701 19.7725 16.8072 1.12537 16.7695
uni_informed_rrt_star 297 35.5502 26.5943 16.5701 19.7725 16.8072 1.12537 16.7695
uni_informed_rrt_star 298 35.925 26.5943 16.5701 19.7725 16.8072 1.12537 16.7695
uni_informed_rrt_star 299 35.9978 26.5943 16.5701 19.7725 16.8072 1.12537 16.7695
uni_informed_rrt_star 300 36.0917 26.5943 16.5701 19.7725 16.8072 1.12537 16.7695
uni_informed_rrt_star 301 36.1718 26.5943 16.5701 19.7725 16.8072 1.12537 16.7695
uni_informed_rrt_star 302 36.3112 26.5943 16.5701 19.7725 16.8072 1.12537 16.7695
uni_informed_rrt_star 303 36.3867 26.5943 16.5701 19.7725 16.8072 1.12537 16.7695
uni_informed_rrt_star 304 36.476 26.5943 16.5701 19.7725 16.8072 1.12537 16.7695
uni_informed_rrt_star 305 36.5881 26.5943 16.5701 19.7725 16.8072 1.12537 16.7695
uni_informed_rrt_star 306 36.6522 26.5943 16.5701 19.7725 16.8072 1.12537 16.7695
uni_informed_rrt_star 307 36.7087 26.5943 16.5701 19.7725 16.8072 1.12537 16.7695
uni_informed_rrt_star 308 36.7631 26.5943 16.5701 19.7725 16.8072 1.12537 16.7695
uni_informed_rrt_star 309 36.8556 26.5943 16.5701 19.7725 16.8072 1.12537 16.7695
uni_informed_rrt_star 310 36.9063 26.5943 16.5701 19.7725 16.8072 1.12537 16.7695
uni_informed_rrt_star 311 37.27 26.5943 16.5701 19.7725 16.8072 1.12537 16.7695
uni_informed_rrt_star 312 37.559 26.5943 16.5701 19.7725 16.8072 1.12537 16.7695
uni_informed_rrt_star 313 37.64 26.5943 16.5701 19.7725 16.8072 1.12537 16.7695
uni_informed_rrt_star 314 38.0216 26.5943 16.5701 19.7725 16.8072 1.12537 16.7695
uni_informed_rrt_star 315 38.1537 26.5943 16.5701 19.7725 16.8072 1.12537 16.7695
uni_informed_rrt_star 316 38.5229 26.5943 16.5701 19.7725 16.8072 1.12537 16.7695
uni_informed_rrt_star 317 38.723 26.5943 16.5701 19.7725 16.8072 1.12537 16.7695
uni_informed_rrt_star 318 38.9438 26.5943 16.5701 19.7725 16.8072 1.12537 16.7695
uni_informed_rrt_star 319 39.4874 26.5943 16.5701 19.7725 16.8072 1.12537 16.7695
uni_informed_rrt_star 320 39.7171 26.5943 16.5701 19.7725 16.8072 1.12537 16.7695
uni_informed_rrt_star 321 39.7926 26.5943 16.5701 19.7725 16.8072 1.12537 16.7695
uni_informed_rrt_star 322 40.1048 26.5943 16.5701 19.7725 16.8072 1.12537 16.7695
uni_informed_rrt_star 323 40.521 26.5943 16.5701 19.7725 16.8072 1.12537 16.7695
uni_informed_rrt_star 324 40.8731 26.5943 16.5701 19.7725 16.8072 1.12537 16.7695
uni_informed_rrt_star 325 41.1987 26.5943 16.5701 19.7725 16.8072 1.12537 16.7695
uni_informed_rrt_star 326 41.2679 26.5943 16.5701 19.7725 16.8072 1.12537 16.7695
uni_informed_rrt_star 327 41.2908 26.5943 16.5701 19.7725 16.8072 1.12537 16.7695
uni_informed_rrt_star 328 41.372 26.5943 16.5701 19.7725 16.8072 1.12537 16.7695
uni_informed_rrt_star 329 41.4291 26.5943 16.5701 19.7725 16.8072 1.12537 16.7695
uni_informed_rrt_star 330 41.5022 26.5943 16.5701 19.7725 16.8072 1.12537 16.7695
uni_informed_rrt_star 331 41.7453 26.5943 16.5701 19.7725 16.8072 1.12537 16.7695
uni_informed_rrt_star 332 41.8863 26.5943 16.5701 19.7725 16.8072 1.12537 16.7695
uni_informed_rrt_star 333 41.9625 26.5943 16.5701 19.7725 16.8072 1.12537 16.7695
uni_informed_rrt_star 334 42.04 26.5943 16.5701 19.7725 16.8072 1.12537 16.7695
uni_informed_rrt_star 335 42.3056 26.5943 16.5701 19.7725 16.8072 1.12537 16.7695
uni_informed_rrt_star 336 42.6959 26.5943 16.5701 19.7725 16.8072 1.12537 16.7695
uni_informed_rrt_star 337 42.8828 26.5943 16.5701 19.7725 16.8072 1.12537 16.7695
uni_informed_rrt_star 338 43.0762 26.5943 16.5701 19.7725 16.8072 1.12537 16.7695
uni_informed_rrt_star 339 43.4708 26.5943 16.5701 19.7725 16.8072 1.12537 16.7695
uni_informed_rrt_star 340 43.5282 26.5943 16.5701 19.7725 16.8072 1.12537 16.7695
uni_informed_rrt_star 341 43.8362 26.5943 16.5701 19.7725 16.8072 1.12537 16.7695
uni_informed_rrt_star 342 43.9954 26.5943 16.5701 19.7725 16.8072 1.12537 16.7695
uni_informed_rrt_star 343 44.3322 26.5943 16.5701 19.7725 16.8072 1.12537 16.7695
uni_informed_rrt_star 344 44.3867 26.5943 16.5701 19.7725 16.8072 1.12537 16.7695
uni_informed_rrt_star 345 44.4708 26.5943 16.5701 19.7725 16.8072 1.12537 16.7695
uni_informed_rrt_star 346 44.5248 26.5943 16.5701 19.7725 16.8072 1.12537 16.7695
uni_informed_rrt_star 347 44.8512 26.5943 16.5701 19.7725 16.8072 1.12537 16.7695
uni_informed_rrt_star 348 45.1311 26.5943 16.5701 19.7725 16.8072 1.12537 16.7695
uni_informed_rrt_star 349 45.1549 26.5943 16.5701 19.7725 16.8072 1.12537 16.7695
uni_informed_rrt_star 350 45.6812 26.5943 16.5701 19.7725 16.8072 1.12537 16.7695
uni_informed_rrt_star 351 45.7486 26.5943 16.5701 19.7725 16.8072 1.12537 16.7695
uni_informed_rrt_star 352 45.9767 26.5943 16.5701 19.7725 16.8072 1.12537 16.7695
uni_informed_rrt_star 353 46.0468 26.5943 16.5701 19.7725 16.8072 1.12537 16.7695
uni_informed_rrt_star 354 46.4783 26.5943 16.5701 19.7725 16.8072 1.12537 16.7695
uni_informed_rrt_star 355 46.8479 26.5943 16.5701 19.7725 16.8072 1.12537 16.7695
uni_informed_rrt_star 356 47.2206 26.5943 16.5701 19.7725 16.8072 1.12537 16.7695
uni_informed_rrt_star 357 47.6032 26.5943 16.5701 19.7725 16.8072 1.12537 16.7695
uni_informed_rrt_star 358 47.668 26.5943 16.5701 19.7725 16.8072 1.12537 16.7695
uni_informed_rrt_star 359 48.0139 26.5943 16.5701 19.7725 16.8072 1.12537 16.7695
uni_informed_rrt_star 360 48.1678 26.5943 16.5701 19.7725 16.8072 1.12537 16.7695
uni_informed_rrt_star 361 48.685 26.5943 16.5701 19.7725 16.8072 1.12537 16.7695
uni_informed_rrt_star 362 49.1347 26.5943 16.5701 19.7725 16.8072 1.12537 16.7695
uni_informed_rrt_star 363 49.2506 26.5943 16.5701 19.7725 16.8072 1.12537 16.7695
uni_informed_rrt_star 364 49.457 26.5943 16.5701 19.7725 16.8072 1.12537 16.7695
uni_informed_rrt_star 365 49.8575 26.5943 16.5701 19.7725 16.8072 1.12537 16.7695
uni_informed_rrt_star 366 50.1406 26.5943 16.5701 19.7725 16.8072 1.12537 16.7695
uni_informed_rrt_star 367 50.4748 26.5943 16.5701 19.7725 16.8072 1.12537 16.7695
uni_informed_rrt_star 368 50.5931 26.5943 16.5701 19.7725 16.8072 1.12537 16.7695
uni_informed_rrt_star 369 50.6587 26.5943 16.5701 19.7725 16.8072 1.12537 16.7695
uni_informed_rrt_star 370 50.7752 26.5943 16.5701 19.7725 16.8072 1.12537 16.7695
uni_informed_rrt_star 371 51.1481 26.5943 16.5701 19.7725 16.8072 1.12537 16.7695
uni_informed_rrt_star 372 51.1991 26.5943 16.5701 19.7725 16.8072 1.12537 16.7695
uni_informed_rrt_star 373 51.3275 26.5943 16.5701 19.7725 16.8072 1.12537 16.7695
uni_informed_rrt_star 374 51.7397 26.5943 16.5701 19.7725 16.8072 1.12537 16.7695
uni_informed_rrt_star 375 51.8717 26.5943 16.5701 19.7725 16.8072 1.12537 16.7695
uni_informed_rrt_star 376 51.8983 26.5943 16.5701 19.7725 16.8072 1.12537 16.7695
uni_informed_rrt_star 377 51.9687 26.5943 16.5701 19.7725 16.8072 1.12537 16.7695
uni_informed_rrt_star 378 52.0521 26.5943 16.5701 19.7725 16.8072 1.12537 16.7695
uni_informed_rrt_star 379 52.393 26.5943 16.5701 19.7725 16.8072 1.12537 16.7695
uni_informed_rrt_star 380 52.7454 26.5943 16.5701 19.7725 16.8072 1.12537 16.7695
uni_informed_rrt_star 381 53.0213 26.5943 16.5701 19.7725 16.8072 1.12537 16.7695
uni_informed_rrt_star 382 53.0818 26.5943 16.5701 19.7725 16.8072 1.12537 16.7695
uni_informed_rrt_star 383 53.3316 26.5943 16.5701 19.7725 16.8072 1.12537 16.7695
uni_informed_rrt_star 384 53.4062 26.5943 16.5701 19.7725 16.8072 1.12537 16.7695
uni_informed_rrt_star 385 53.5114 26.5943 16.5701 19.7725 16.8072 1.12537 16.7695
uni_informed_rrt_star 386 53.6551 26.5943 16.5701 19.7725 16.8072 1.12537 16.7695
uni_informed_rrt_star 387 53.7566 26.5943 16.5701 19.7725 16.8072 1.12537 16.7695
uni_informed_rrt_star 388 53.7731 26.5943 16.5701 19.7725 16.8072 1.12537 16.7695
uni_informed_rrt_star 389 54.2627 26.5943 16.5701 19.7725 16.8072 1.12537 16.7695
uni_informed_rrt_star 390 54.2824 26.5943 16.5701 19.7725 16.8072 1.12537 16.7695
uni_informed_rrt_star 391 54.3415 26.5943 16.5701 19.7725 16.8072 1.12537 16.7695
uni_informed_rrt_star 392 54.5802 26.5943 16.5701 19.7725 16.8072 1.12537 16.7695
uni_informed_rrt_star 393 54.7143 26.5943 16.5701 19.7725 16.8072 1.12537 16.7695
uni_informed_rrt_star 394 55.0827 26.5943 16.5701 19.7725 16.8072 1.12537 16.7695
uni_informed_rrt_star 395 55.479 26.5943 16.5701 19.7725 16.8072 1.12537 16.7695
uni_informed_rrt_star 396 55.6129 26.5943 16.5701 19.7725 16.8072 1.12537 16.7695
uni_informed_rrt_star 397 55.834 26.5943 16.5701 19.7725 16.8072 1.12537 16.7695
uni_informed_rrt_star 398 56.2878 26.5943 16.5701 19.7725 16.8072 1.12537 16.7695
uni_informed_rrt_star 399 56.644 26.5943 16.5701 19.7725 16.8072 1.12537 16.7695
uni_informed_rrt_star 400 56.6939 26.5943 16.5701 19.7725 16.8072 1.12537 16.7695
uni_informed_rrt_star 401 56.8235 26.5943 16.5701 19.7725 16.8072 1.12537 16.7695
uni_informed_rrt_star 402 57.2225 26.5943 16.5701 19.7725 16.8072 1.12537 16.7695
uni_informed_rrt_star 403 57.5866 26.5943 16.5701 19.7725 16.8072 1.12537 16.7695
uni_informed_rrt_star 404 57.6726 26.5943 16.5701 19.7725 16.8072 1.12537 16.7695
uni_informed_rrt_star 405 58.0511 26.5943 16.5701 19.7725 16.8072 1.12537 16.7695
uni_informed_rrt_star 406 58.1556 26.5943 16.5701 19.7725 16.8072 1.12537 16.7695
uni_informed_rrt_star 407 58.274 26.5943 16.5701 19.7725 16.8072 1.12537 16.7695
uni_informed_rrt_star 408 58.5485 26.5943 16.5701 19.7725 16.8072 1.12537 16.7695
uni_informed_rrt_star 409 58.6381 26.5943 16.5701 19.7725 16.8072 1.12537 16.7695
uni_informed_rrt_star 410 58.7568 26.5943 16.5701 19.7725 16.8072 1.12537 16.7695
uni_informed_rrt_star 411 59.109 26.5943 16.5701 19.7725 16.8072 1.12537 16.7695
uni_informed_rrt_star 412 59.2127 26.5943 16.5701 19.7725 16.8072 1.12537 16.7695
uni_informed_rrt_star 413 59.466 26.5943 16.5701 19.7725 16.8072 1.12537 16.7695
uni_informed_rrt_star 414 59.8574 26.5943 16.5701 19.7725 16.8072 1.12537 16.7695
uni_informed_rrt_star 415 59.9958 26.5943 16.5701 19.7725 16.8072 1.12537 16.7695
uni_informed_rrt_star 416 60.2541 26.5943 16.5701 19.7725 16.8072 1.12537 16.7695
uni_informed_rrt_star 417 60.277 26.5943 16.5701 19.7725 16.8072 1.12537 16.7695
uni_informed_rrt_star 418 60.3648 26.5943 16.5701 19.7725 16.8072 1.12537 16.7695
uni_informed_rrt_star 419 60.6751 26.5943 16.5701 19.7725 16.8072 1.12537 16.7695
uni_informed_rrt_star 420 60.7104 26.5943 16.5701 19.7725 16.8072 1.12537 16.7695
uni_informed_rrt_star 421 61.1992 26.5943 16.5701 19.7725 16.8072 1.12537 16.7695
uni_informed_rrt_star 422 61.2511 26.5943 16.5701 19.7725 16.8072 1.12537 16.7695
uni_informed_rrt_star 423 61.3014 26.5943 16.5701 19.7725 16.8072 1.12537 16.7695
uni_informed_rrt_star 424 61.5802 26.5943 16.5701 19.7725 16.8072 1.12537 16.7695
uni_informed_rrt_star 425 61.9619 26.5943 16.5701 19.7725 16.8072 1.12537 16.7695
uni_informed_rrt_star 426 62.3452 26.5943 16.5701 19.7725 16.8072 1.12537 16.7695
uni_informed_rrt_star 427 62.7018 26.5943 16.5701 19.7725 16.8072 1.12537 16.7695
uni_informed_rrt_star 428 62.8706 26.5943 16.5701 19.7725 16.8072 1.12537 16.7695
uni_informed_rrt_star 429 62.9306 26.5943 16.5701 19.7725 16.8072 1.12537 16.7695
uni_informed_rrt_star 430 63.1969 26.5943 16.5701 19.7725 16.8072 1.12537 16.7695
uni_informed_rrt_star 431 63.5846 26.5943 16.5701 19.7725 16.8072 1.12537 16.7695
uni_informed_rrt_star 432 63.6572 26.5943 16.5701 19.7725 16.8072 1.12537 16.7695
uni_informed_rrt_star 433 64.0061 26.5943 16.5701 19.7725 16.8072 1.12537 16.7695
uni_informed_rrt_star 434 64.1755 26.5943 16.5701 19.7725 16.8072 1.12537 16.7695
uni_informed_rrt_star 435 64.339 26.5943 16.5701 19.7725 16.8072 1.12537 16.7695
uni_informed_rrt_star 436 64.6253 26.5943 16.5701 19.7725 16.8072 1.12537 16.7695
uni_informed_rrt_star 437 64.9648 26.5943 16.5701 19.7725 16.8072 1.12537 16.7695
uni_informed_rrt_star 438 65.0071 26.5943 16.5701 19.7725 16.8072 1.12537 16.7695
uni_informed_rrt_star 439 65.3686 26.5943 16.5701 19.7725 16.8072 1.12537 16.7695
uni_informed_rrt_star 440 65.7266 26.5943 16.5701 19.7725 16.8072 1.12537 16.7695
uni_informed_rrt_star 441 65.8788 26.5943 16.5701 19.7725 16.8072 1.12537 16.7695
uni_informed_rrt_star 442 66.2229 26.5943 16.5701 19.7725 16.8072 1.12537 16.7695
uni_informed_rrt_star 443 66.2766 26.5943 16.5701 19.7725 16.8072 1.12537 16.7695
uni_informed_rrt_star 444 66.3924 26.5943 16.5701 19.7725 16.8072 1.12537 16.7695
uni_informed_rrt_star 445 66.4857 26.5943 16.5701 19.7725 16.8072 1.12537 16.7695
uni_informed_rrt_star 446 66.5339 26.5943 16.5701 19.7725 16.8072 1.12537 16.7695
uni_informed_rrt_star 447 66.8666 26.5943 16.5701 19.7725 16.8072 1.12537 16.7695
uni_informed_rrt_star 448 67.1334 26.5943 16.5701 19.7725 16.8072 1.12537 16.7695
uni_informed_rrt_star 449 67.4616 26.5943 16.5701 19.7725 16.8072 1.12537 16.7695
uni_informed_rrt_star 450 67.5292 26.5943 16.5701 19.7725 16.8072 1.12537 16.7695
uni_informed_rrt_star 451 67.691 26.5943 16.5701 19.7725 16.8072 1.12537 16.7695
uni_informed_rrt_star 452 67.829 26.5943 16.5701 19.7725 16.8072 1.12537 16.7695
uni_informed_rrt_star 453 67.8635 26.5943 16.5701 19.7725 16.8072 1.12537 16.7695
uni_informed_rrt_star 454 68.0987 26.5943 16.5701 19.7725 16.8072 1.12537 16.7695
uni_informed_rrt_star 455 68.2232 26.5943 16.5701 19.7725 16.8072 1.12537 16.7695
uni_informed_rrt_star 456 68.3974 26.5943 16.5701 19.7725 16.8072 1.12537 16.7695
uni_informed_rrt_star 457 68.5067 26.5943 16.5701 19.7725 16.8072 1.12537 16.7695
uni_informed_rrt_star 458 68.9152 26.5943 16.5701 19.7725 16.8072 1.12537 16.7695
uni_informed_rrt_star 459 69.0635 26.5943 16.5701 19.7725 16.8072 1.12537 16.7695
uni_informed_rrt_star 460 69.1238 26.5943 16.5701 19.7725 16.8072 1.12537 16.7695
uni_informed_rrt_star 461 69.3581 26.5943 16.5701 19.7725 16.8072 1.12537 16.7695
uni_informed_rrt_star 462 69.7415 26.5943 16.5701 19.7725 16.8072 1.12537 16.7695
uni_informed_rrt_star 463 69.8465 26.5943 16.5701 19.7725 16.8072 1.12537 16.7695
uni_informed_rrt_star 464 70.0011 26.5943 16.5701 19.7725 16.8072 1.12537 16.7695
uni_informed_rrt_star 465 70.1261 26.5943 16.5701 19.7725 16.8072 1.12537 16.7695
uni_informed_rrt_star 466 70.3925 26.5943 16.5701 19.7725 16.8072 1.12537 16.7695
uni_informed_rrt_star 467 70.5044 26.5943 16.5701 19.7725 16.8072 1.12537 16.7695
uni_informed_rrt_star 468 70.6867 26.5943 16.5701 19.7725 16.8072 1.12537 16.7695
uni_informed_rrt_star 469 70.7198 26.5943 16.5701 19.7725 16.8072 1.12537 16.7695
uni_informed_rrt_star 470 71.0255 26.5943 16.5701 19.7725 16.8072 1.12537 16.7695
uni_informed_rrt_star 471 71.1394 26.5943 16.5701 19.7725 16.8072 1.12537 16.7695
uni_informed_rrt_star 472 71.4712 26.5943 16.5701 19.7725 16.8072 1.12537 16.7695
uni_informed_rrt_star 473 71.5316 26.5943 16.5701 19.7725 16.8072 1.12537 16.7695
uni_informed_rrt_star 474 71.5554 26.5943 16.5701 19.7725 16.8072 1.12537 16.7695
uni_informed_rrt_star 475 71.9063 26.5943 16.5701 19.7725 16.8072 1.12537 16.7695
uni_informed_rrt_star 476 72.1737 26.5943 16.5701 19.7725 16.8072 1.12537 16.7695
uni_informed_rrt_star 477 72.5762 26.5943 16.5701 19.7725 16.8072 1.12537 16.7695
uni_informed_rrt_star 478 72.9054 26.5943 16.5701 19.7725 16.8072 1.12537 16.7695
uni_informed_rrt_star 479 73.0969 26.5943 16.5701 19.7725 16.8072 1.12537 16.7695
uni_informed_rrt_star 480 73.2315 26.5943 16.5701 19.7725 16.8072 1.12537 16.7695
uni_informed_rrt_star 481 73.254 26.5943 16.5701 19.7725 16.8072 1.12537 16.7695
uni_informed_rrt_star 482 73.7068 26.5943 16.5701 19.7725 16.8072 1.12537 16.7695
uni_informed_rrt_star 483 74.1292 26.5943 16.5701 19.7725 16.8072 1.12537 16.7695
uni_informed_rrt_star 484 74.3897 26.5943 16.5701 19.7725 16.8072 1.12537 16.7695
uni_informed_rrt_star 485 74.6066 26.5943 16.5701 19.7725 16.8072 1.12537 16.7695
uni_informed_rrt_star 486 74.6555 26.5943 16.5701 19.7725 16.8072 1.12537 16.7695
uni_informed_rrt_star 487 74.7001 26.5943 16.5701 19.7725 16.8072 1.12537 16.7695
uni_informed_rrt_star 488 75.0836 26.5943 16.5701 19.7725 16.8072 1.12537 16.7695
uni_informed_rrt_star 489 75.1408 26.5943 16.5701 19.7725 16.8072 1.12537 16.7695
uni_informed_rrt_star 490 75.2067 26.5943 16.5701 19.7725 16.8072 1.12537 16.7695
uni_informed_rrt_star 491 75.289 26.5943 16.5701 19.7725 16.8072 1.12537 16.7695
uni_informed_rrt_star 492 75.6594 26.5943 16.5701 19.7725 16.8072 1.12537 16.7695
uni_informed_rrt_star 493 75.8482 26.5943 16.5701 19.7725 16.8072 1.12537 16.7695
uni_informed_rrt_star 494 76.2008 26.5943 16.5701 19.7725 16.8072 1.12537 16.7695
uni_informed_rrt_star 495 76.2239 26.5943 16.5701 19.7725 16.8072 1.12537 16.7695
uni_informed_rrt_star 496 76.2566 26.5943 16.5701 19.7725 16.8072 1.12537 16.7695
uni_informed_rrt_star 497 76.5091 26.5943 16.5701 19.7725 16.8072 1.12537 16.7695
uni_informed_rrt_star 498 76.6676 26.5943 16.5701 19.7725 16.8072 1.12537 16.7695
uni_informed_rrt_star 499 76.904 26.5943 16.5701 19.7725 16.8072 1.12537 16.7695
uni_informed_rrt_star 500 77.1276 26.5943 16.5701 19.7725 16.8072 1.12537 16.7695
uni_informed_rrt_star 501 77.3576 26.5943 16.5701 19.7725 16.8072 1.12537 16.7695
uni_informed_rrt_star 502 77.4182 26.5943 16.5701 19.7725 16.8072 1.12537 16.7695
uni_informed_rrt_star 503 77.4403 26.5943 16.5701 19.7725 16.8072 1.12537 16.7695
uni_informed_rrt_star 504 77.5544 26.5943 16.5701 19.7725 16.8072 1.12537 16.7695
uni_informed_rrt_star 505 77.6508 26.5943 16.5701 19.7725 16.8072 1.12537 16.7695
uni_informed_rrt_star 506 77.6872 26.5943 16.5701 19.7725 16.8072 1.12537 16.7695
uni_informed_rrt_star 507 77.8665 26.5943 16.5701 19.7725 16.8072 1.12537 16.7695
uni_informed_rrt_star 508 78.2914 26.5943 16.5701 19.7725 16.8072 1.12537 16.7695
uni_informed_rrt_star 509 78.5867 26.5943 16.5701 19.7725 16.8072 1.12537 16.7695
uni_informed_rrt_star 510 78.9694 26.5943 16.5701 19.7725 16.8072 1.12537 16.7695
uni_informed_rrt_star 511 79.0854 26.5943 16.5701 19.7725 16.8072 1.12537 16.7695
uni_informed_rrt_star 512 79.3246 26.5943 16.5701 19.7725 16.8072 1.12537 16.7695
uni_informed_rrt_star 513 79.686 26.5943 16.5701 19.7725 16.8072 1.12537 16.7695
uni_informed_rrt_star 514 79.7452 26.5943 16.5701 19.7725 16.8072 1.12537 16.7695
uni_informed_rrt_star 515 79.9242 26.5943 16.5701 19.7725 16.8072 1.12537 16.7695
uni_informed_rrt_star 516 80.0434 26.5943 16.5701 19.7725 16.8072 1.12537 16.7695
uni_informed_rrt_star 517 80.4278 26.5943 16.5701 19.7725 16.8072 1.12537 16.7695
uni_informed_rrt_star 518 80.4682 26.5943 16.5701 19.7725 16.8072 1.12537 16.7695
uni_informed_rrt_star 519 80.8422 26.5943 16.5701 19.7725 16.8072 1.12537 16.7695
uni_informed_rrt_star 520 81.0428 26.5943 16.5701 19.7725 16.8072 1.12537 16.7695
uni_informed_rrt_star 521 81.3083 26.5943 16.5701 19.7725 16.8072 1.12537 16.7695
uni_informed_rrt_star 522 81.3946 26.5943 16.5701 19.7725 16.8072 1.12537 16.7695
uni_informed_rrt_star 523 81.4701 26.5943 16.5701 19.7725 16.8072 1.12537 16.7695
uni_informed_rrt_star 524 82.0277 26.5943 16.5701 19.7725 16.8072 1.12537 16.7695
uni_informed_rrt_star 525 82.0954 26.5943 16.5701 19.7725 16.8072 1.12537 16.7695
uni_informed_rrt_star 526 82.2915 26.5943 16.5701 19.7725 16.8072 1.12537 16.7695
uni_informed_rrt_star 527 82.3663 26.5943 16.5701 19.7725 16.8072 1.12537 16.7695
uni_informed_rrt_star 528 82.5474 26.5943 16.5701 19.7725 16.8072 1.12537 16.7695
uni_informed_rrt_star 529 82.5986 26.5943 16.5701 19.7725 16.8072 1.12537 16.7695
uni_informed_rrt_star 530 82.9643 26.5943 16.5701 19.7725 16.8072 1.12537 16.7695
uni_informed_rrt_star 531 83.384 26.5943 16.5701 19.7725 16.8072 1.12537 16.7695
uni_informed_rrt_star 532 83.5409 26.5943 16.5701 19.7725 16.8072 1.12537 16.7695
uni_informed_rrt_star 533 83.6163 26.5943 16.5701 19.7725 16.8072 1.12537 16.7695
uni_informed_rrt_star 534 83.6934 26.5943 16.5701 19.7725 16.8072 1.12537 16.7695
uni_informed_rrt_star 535 83.8915 26.5943 16.5701 19.7725 16.8072 1.12537 16.7695
uni_informed_rrt_star 536 84.0679 26.5943 16.5701 19.7725 16.8072 1.12537 16.7695
uni_informed_rrt_star 537 84.4695 26.5943 16.5701 19.7725 16.8072 1.12537 16.7695
uni_informed_rrt_star 538 84.5233 26.5943 16.5701 19.7725 16.8072 1.12537 16.7695
uni_informed_rrt_star 539 84.8939 26.5943 16.5701 19.7725 16.8072 1.12537 16.7695
uni_informed_rrt_star 540 85.3359 26.5943 16.5701 19.7725 16.8072 1.12537 16.7695
uni_informed_rrt_star 541 85.677 26.5943 16.5701 19.7725 16.8072 1.12537 16.7695
uni_informed_rrt_star 542 85.9815 26.5943 16.5701 19.7725 16.8072 1.12537 16.7695
uni_informed_rrt_star 543 86.0411 26.5943 16.5701 19.7725 16.8072 1.12537 16.7695
uni_informed_rrt_star 544 86.5431 26.5943 16.5701 19.7725 16.8072 1.12537 16.7695
uni_informed_rrt_star 545 86.6584 26.5943 16.5701 19.7725 16.8072 1.12537 16.7695
uni_informed_rrt_star 546 87.0435 26.5943 16.5701 19.7725 16.8072 1.12537 16.7695
uni_informed_rrt_star 547 87.3185 26.5943 16.5701 19.7725 16.8072 1.12537 16.7695
uni_informed_rrt_star 548 87.6211 26.5943 16.5701 19.7725 16.8072 1.12537 16.7695
uni_informed_rrt_star 549 87.9395 26.5943 16.5701 19.7725 16.8072 1.12537 16.7695
uni_informed_rrt_star 550 88.0876 26.5943 16.5701 19.7725 16.8072 1.12537 16.7695
uni_informed_rrt_star 551 88.2044 26.5943 16.5701 19.7725 16.8072 1.12537 16.7695
uni_informed_rrt_star 552 88.4949 26.5943 16.5701 19.7725 16.8072 1.12537 16.7695
uni_informed_rrt_star 553 88.7631 26.5943 16.5701 19.7725 16.8072 1.12537 16.7695
uni_informed_rrt_star 554 88.9778 26.5943 16.5701 19.7725 16.8072 1.12537 16.7695
uni_informed_rrt_star 555 89.0666 26.5943 16.5701 19.7725 16.8072 1.12537 16.7695
uni_informed_rrt_star 556 89.3793 26.5943 16.5701 19.7725 16.8072 1.12537 16.7695
uni_informed_rrt_star 557 89.7676 26.5943 16.5701 19.7725 16.8072 1.12537 16.7695
uni_informed_rrt_star 558 89.8757 26.5943 16.5701 19.7725 16.8072 1.12537 16.7695
uni_informed_rrt_star 559 90.1021 26.5943 16.5701 19.7725 16.8072 1.12537 16.7695
uni_informed_rrt_star 560 90.4951 26.5943 16.5701 19.7725 16.8072 1.12537 16.7695
uni_informed_rrt_star 561 90.8505 26.5943 16.5701 19.7725 16.8072 1.12537 16.7695
uni_informed_rrt_star 562 90.9069 26.5943 16.5701 19.7725 16.8072 1.12537 16.7695
uni_informed_rrt_star 563 90.9609 26.5943 16.5701 19.7725 16.8072 1.12537 16.7695
uni_informed_rrt_star 564 91.1865 26.5943 16.5701 19.7725 16.8072 1.12537 16.7695
uni_informed_rrt_star 565 91.7913 26.5943 16.5701 19.7725 16.8072 1.12537 16.7695
uni_informed_rrt_star 566 92.0797 26.5943 16.5701 19.7725 16.8072 1.12537 16.7695
uni_informed_rrt_star 567 92.1339 26.5943 16.5701 19.7725 16.8072 1.12537 16.7695
uni_informed_rrt_star 568 92.2656 26.5943 16.5701 19.7725 16.8072 1.12537 16.7695
uni_informed_rrt_star 569 92.3621 26.5943 16.5701 19.7725 16.8072 1.12537 16.7695
uni_informed_rrt_star 570 92.4835 26.5943 16.5701 19.7725 16.8072 1.12537 16.7695
uni_informed_rrt_star 571 92.8607 26.5943 16.5701 19.7725 16.8072 1.12537 16.7695
uni_informed_rrt_star 572 93.0515 26.5943 16.5701 19.7725 16.8072 1.12537 16.7695
uni_informed_rrt_star 573 93.2622 26.5943 16.5701 19.7725 16.8072 1.12537 16.7695
uni_informed_rrt_star 574 93.6437 26.5943 16.5701 19.7725 16.8072 1.12537 16.7695
uni_informed_rrt_star 575 93.8587 26.5943 16.5701 19.7725 16.8072 1.12537 16.7695
uni_informed_rrt_star 576 94.2093 26.5943 16.5701 19.7725 16.8072 1.12537 16.7695
uni_informed_rrt_star 577 94.5224 26.5943 16.5701 19.7725 16.8072 1.12537 16.7695
uni_informed_rrt_star 578 94.576 26.5943 16.5701 19.7725 16.8072 1.12537 16.7695
uni_informed_rrt_star 579 94.9192 26.5943 16.5701 19.7725 16.8072 1.12537 16.7695
uni_informed_rrt_star 580 95.2363 26.5943 16.5701 19.7725 16.8072 1.12537 16.7695
uni_informed_rrt_star 581 95.3737 26.5943 16.5701 19.7725 16.8072 1.12537 16.7695
uni_informed_rrt_star 582 95.737 26.5943 16.5701 19.7725 16.8072 1.12537 16.7695
uni_informed_rrt_star 583 95.8235 26.5943 16.5701 19.7725 16.8072 1.12537 16.7695
uni_informed_rrt_star 584 95.9846 26.5943 16.5701 19.7725 16.8072 1.12537 16.7695
uni_informed_rrt_star 585 96.5413 26.5943 16.5701 19.7725 16.8072 1.12537 16.7695
uni_informed_rrt_star 586 96.8828 26.5943 16.5701 19.7725 16.8072 1.12537 16.7695
uni_informed_rrt_star 587 97.2979 26.5943 16.5701 19.7725 16.8072 1.12537 16.7695
uni_informed_rrt_star 588 97.3291 26.5943 16.5701 19.7725 16.8072 1.12537 16.7695
uni_informed_rrt_star 589 97.5402 26.5943 16.5701 19.7725 16.8072 1.12537 16.7695
uni_informed_rrt_star 590 98.1407 26.5943 16.5701 19.7725 16.8072 1.12537 16.7695
uni_informed_rrt_star 591 98.3386 26.5943 16.5701 19.7725 16.8072 1.12537 16.7695
uni_informed_rrt_star 592 98.5185 26.5943 16.5701 19.7725 16.8072 1.12537 16.7695
uni_informed_rrt_star 593 98.8856 26.5943 16.5701 19.7725 16.8072 1.12537 16.7695
uni_informed_rrt_star 594 98.9932 26.5943 16.5701 19.7725 16.8072 1.12537 16.7695
uni_informed_rrt_star 595 99.0203 26.5943 16.5701 19.7725 16.8072 1.12537 16.7695
uni_informed_rrt_star 596 99.5542 26.5943 16.5701 19.7725 16.8072 1.12537 16.7695
uni_informed_rrt_star 597 100.826 26.5943 16.5701 19.7725 16.8072 1.12537 16.7695
uni_informed_rrt_star 598 102.357 26.5943 16.5701 19.7725 16.8072 1.12537 16.7695
uni_informed_rrt_star 599 102.932 26.5943 16.5701 19.7725 16.8072 1.12537 16.7695
uni_informed_rrt_star 600 103.572 26.5943 16.5701 19.7725 16.8072 1.12537 16.7695
uni_informed_rrt_star 601 105.182 26.5943 16.5701 19.7725 16.8072 1.12537 16.7695
uni_informed_rrt_star 602 105.261 26.5943 16.5701 19.7725 16.8072 1.12537 16.7695
uni_informed_rrt_star 603 105.756 26.5943 16.5701 19.7725 16.8072 1.12537 16.7695
uni_informed_rrt_star 604 106.003 26.5943 16.5701 19.7725 16.8072 1.12537 16.7695
uni_informed_rrt_star 605 106.438 26.5943 16.5701 19.7725 16.8072 1.12537 16.7695
uni_informed_rrt_star 606 106.825 26.5943 16.5701 19.7725 16.8072 1.12537 16.7695
uni_informed_rrt_star 607 107.213 26.5943 16.5701 19.7725 16.8072 1.12537 16.7695
uni_informed_rrt_star 608 107.412 26.5943 16.5701 19.7725 16.8072 1.12537 16.7695
uni_informed_rrt_star 609 107.773 26.5943 16.5701 19.7725 16.8072 1.12537 16.7695
uni_informed_rrt_star 610 108.148 26.5943 16.5701 19.7725 16.8072 1.12537 16.7695
uni_informed_rrt_star 611 108.193 26.5943 16.5701 19.7725 16.8072 1.12537 16.7695
uni_informed_rrt_star 612 108.254 26.5943 16.5701 19.7725 16.8072 1.12537 16.7695
uni_informed_rrt_star 613 108.589 26.5943 16.5701 19.7725 16.8072 1.12537 16.7695
uni_informed_rrt_star 614 108.977 26.5943 16.5701 19.7725 16.8072 1.12537 16.7695
uni_informed_rrt_star 615 109.468 26.5943 16.5701 19.7725 16.8072 1.12537 16.7695
uni_informed_rrt_star 616 109.512 26.5943 16.5701 19.7725 16.8072 1.12537 16.7695
uni_informed_rrt_star 617 109.551 26.5943 16.5701 19.7725 16.8072 1.12537 16.7695
uni_informed_rrt_star 618 109.873 26.5943 16.5701 19.7725 16.8072 1.12537 16.7695
uni_informed_rrt_star 619 109.942 26.5943 16.5701 19.7725 16.8072 1.12537 16.7695
uni_informed_rrt_star 620 110.239 26.5943 16.5701 19.7725 16.8072 1.12537 16.7695
uni_informed_rrt_star 621 110.563 26.5943 16.5701 19.7725 16.8072 1.12537 16.7695
uni_informed_rrt_star 622 110.704 26.5943 16.5701 19.7725 16.8072 1.12537 16.7695
uni_informed_rrt_star 623 111.151 26.5943 16.5701 19.7725 16.8072 1.12537 16.7695
uni_informed_rrt_star 624 111.245 26.5943 16.5701 19.7725 16.8072 1.12537 16.7695
uni_informed_rrt_star 625 111.598 26.5943 16.5701 19.7725 16.8072 1.12537 16.7695
uni_informed_rrt_star 626 111.667 26.5943 16.5701 19.7725 16.8072 1.12537 16.7695
uni_informed_rrt_star 627 111.78 26.5943 16.5701 19.7725 16.8072 1.12537 16.7695
uni_informed_rrt_star 628 112.062 26.5943 16.5701 19.7725 16.8072 1.12537 16.7695
uni_informed_rrt_star 629 112.464 26.5943 16.5701 19.7725 16.8072 1.12537 16.7695
uni_informed_rrt_star 630 112.897 26.5943 16.5701 19.7725 16.8072 1.12537 16.7695
uni_informed_rrt_star 631 113.286 26.5943 16.5701 19.7725 16.8072 1.12537 16.7695
uni_informed_rrt_star 632 113.683 26.5943 16.5701 19.7725 16.8072 1.12537 16.7695
uni_informed_rrt_star 633 113.998 26.5943 16.5701 19.7725 16.8072 1.12537 16.7695
uni_informed_rrt_star 634 114.093 26.5943 16.5701 19.7725 16.8072 1.12537 16.7695
uni_informed_rrt_star 635 114.258 26.5943 16.5701 19.7725 16.8072 1.12537 16.7695
uni_informed_rrt_star 636 114.628 26.5943 16.5701 19.7725 16.8072 1.12537 16.7695
uni_informed_rrt_star 637 114.928 26.5943 16.5701 19.7725 16.8072 1.12537 16.7695
uni_informed_rrt_star 638 115.328 26.5943 16.5701 19.7725 16.8072 1.12537 16.7695
uni_informed_rrt_star 639 115.683 26.5943 16.5701 19.7725 16.8072 1.12537 16.7695
uni_informed_rrt_star 640 116.039 26.5943 16.5701 19.7725 16.8072 1.12537 16.7695
uni_informed_rrt_star 641 116.313 26.5943 16.5701 19.7725 16.8072 1.12537 16.7695
uni_informed_rrt_star 642 116.69 26.5943 16.5701 19.7725 16.8072 1.12537 16.7695
uni_informed_rrt_star 643 117.016 26.5943 16.5701 19.7725 16.8072 1.12537 16.7695
uni_informed_rrt_star 644 117.264 26.5943 16.5701 19.7725 16.8072 1.12537 16.7695
uni_informed_rrt_star 645 117.472 26.5943 16.5701 19.7725 16.8072 1.12537 16.7695
uni_informed_rrt_star 646 117.647 26.5943 16.5701 19.7725 16.8072 1.12537 16.7695
uni_informed_rrt_star 647 117.882 26.5943 16.5701 19.7725 16.8072 1.12537 16.7695
uni_informed_rrt_star 648 118.037 26.5943 16.5701 19.7725 16.8072 1.12537 16.7695
uni_informed_rrt_star 649 118.158 26.5943 16.5701 19.7725 16.8072 1.12537 16.7695
uni_informed_rrt_star 650 118.204 26.5943 16.5701 19.7725 16.8072 1.12537 16.7695
uni_informed_rrt_star 651 118.422 26.5943 16.5701 19.7725 16.8072 1.12537 16.7695
uni_informed_rrt_star 652 118.715 26.5943 16.5701 19.7725 16.8072 1.12537 16.7695
uni_informed_rrt_star 653 119.035 26.5943 16.5701 19.7725 16.8072 1.12537 16.7695
uni_informed_rrt_star 654 119.456 26.5943 16.5701 19.7725 16.8072 1.12537 16.7695
uni_informed_rrt_star 655 119.779 26.5943 16.5701 19.7725 16.8072 1.12537 16.7695
uni_informed_rrt_star 656 119.929 26.5943 16.5701 19.7725 16.8072 1.12537 16.7695
uni_informed_rrt_star 657 119.991 26.5943 16.5701 19.7725 16.8072 1.12537 16.7695
uni_informed_rrt_star 658 120.06 26.5943 16.5701 19.7725 16.8072 1.12537 16.7695
