planner_name iteration planning_time_elapsed cost_solution_total cost_solution_revolute cost_solution_prismatic theoretical_cost_total theoretical_cost_revolute theoretical_cost_prismatic
bi_informed_rrt_star 1 0.0923681 10000 10000 10000 15.5752 3.89526 15.0802
bi_informed_rrt_star 2 0.1689 10000 10000 10000 15.5752 3.89526 15.0802
bi_informed_rrt_star 3 0.249416 10000 10000 10000 15.5752 3.89526 15.0802
bi_informed_rrt_star 4 0.316891 10000 10000 10000 15.5752 3.89526 15.0802
bi_informed_rrt_star 5 0.374963 10000 10000 10000 15.5752 3.89526 15.0802
bi_informed_rrt_star 6 0.449547 10000 10000 10000 15.5752 3.89526 15.0802
bi_informed_rrt_star 7 0.523715 10000 10000 10000 15.5752 3.89526 15.0802
bi_informed_rrt_star 8 0.559377 10000 10000 10000 15.5752 3.89526 15.0802
bi_informed_rrt_star 9 0.640281 10000 10000 10000 15.5752 3.89526 15.0802
bi_informed_rrt_star 10 0.715766 10000 10000 10000 15.5752 3.89526 15.0802
bi_informed_rrt_star 11 0.790991 10000 10000 10000 15.5752 3.89526 15.0802
bi_informed_rrt_star 12 0.827228 10000 10000 10000 15.5752 3.89526 15.0802
bi_informed_rrt_star 13 0.895324 10000 10000 10000 15.5752 3.89526 15.0802
bi_informed_rrt_star 14 0.933279 10000 10000 10000 15.5752 3.89526 15.0802
bi_informed_rrt_star 15 1.01836 52.9579 30.9744 35.6711 15.5752 3.89526 15.0802
bi_informed_rrt_star 16 1.21038 52.9579 30.9744 35.6711 15.5752 3.89526 15.0802
bi_informed_rrt_star 17 1.43628 52.9579 30.9744 35.6711 15.5752 3.89526 15.0802
bi_informed_rrt_star 18 1.52102 52.9579 30.9744 35.6711 15.5752 3.89526 15.0802
bi_informed_rrt_star 19 1.89423 52.9579 30.9744 35.6711 15.5752 3.89526 15.0802
bi_informed_rrt_star 20 2.08508 52.9579 30.9744 35.6711 15.5752 3.89526 15.0802
bi_informed_rrt_star 21 2.25277 52.9579 30.9744 35.6711 15.5752 3.89526 15.0802
bi_informed_rrt_star 22 2.30365 52.9579 30.9744 35.6711 15.5752 3.89526 15.0802
bi_informed_rrt_star 23 2.99972 52.9579 30.9744 35.6711 15.5752 3.89526 15.0802
bi_informed_rrt_star 24 3.22485 52.9579 30.9744 35.6711 15.5752 3.89526 15.0802
bi_informed_rrt_star 25 3.39098 52.9579 30.9744 35.6711 15.5752 3.89526 15.0802
bi_informed_rrt_star 26 3.46146 52.9579 30.9744 35.6711 15.5752 3.89526 15.0802
bi_informed_rrt_star 27 3.51037 52.9579 30.9744 35.6711 15.5752 3.89526 15.0802
bi_informed_rrt_star 28 3.62326 52.9579 30.9744 35.6711 15.5752 3.89526 15.0802
bi_informed_rrt_star 29 4.27371 52.9579 30.9744 35.6711 15.5752 3.89526 15.0802
bi_informed_rrt_star 30 4.40341 42.9967 22.9482 30.6487 15.5752 3.89526 15.0802
bi_informed_rrt_star 31 4.49222 42.9967 22.9482 30.6487 15.5752 3.89526 15.0802
bi_informed_rrt_star 32 4.56752 42.9967 22.9482 30.6487 15.5752 3.89526 15.0802
bi_informed_rrt_star 33 4.68451 42.9967 22.9482 30.6487 15.5752 3.89526 15.0802
bi_informed_rrt_star 34 5.05218 42.9967 22.9482 30.6487 15.5752 3.89526 15.0802
bi_informed_rrt_star 35 5.15207 42.9967 22.9482 30.6487 15.5752 3.89526 15.0802
bi_informed_rrt_star 36 5.29165 42.9967 22.9482 30.6487 15.5752 3.89526 15.0802
bi_informed_rrt_star 37 5.37303 42.9967 22.9482 30.6487 15.5752 3.89526 15.0802
bi_informed_rrt_star 38 5.43116 42.9967 22.9482 30.6487 15.5752 3.89526 15.0802
bi_informed_rrt_star 39 5.64916 30.6266 17.6032 21.8991 15.5752 3.89526 15.0802
bi_informed_rrt_star 40 5.70784 30.6266 17.6032 21.8991 15.5752 3.89526 15.0802
bi_informed_rrt_star 41 5.79921 30.6266 17.6032 21.8991 15.5752 3.89526 15.0802
bi_informed_rrt_star 42 5.87148 30.6266 17.6032 21.8991 15.5752 3.89526 15.0802
bi_informed_rrt_star 43 6.53874 30.6266 17.6032 21.8991 15.5752 3.89526 15.0802
bi_informed_rrt_star 44 6.62308 30.6266 17.6032 21.8991 15.5752 3.89526 15.0802
bi_informed_rrt_star 45 6.70939 30.6266 17.6032 21.8991 15.5752 3.89526 15.0802
bi_informed_rrt_star 46 6.79263 30.6266 17.6032 21.8991 15.5752 3.89526 15.0802
bi_informed_rrt_star 47 7.31849 30.6266 17.6032 21.8991 15.5752 3.89526 15.0802
bi_informed_rrt_star 48 7.4727 30.6266 17.6032 21.8991 15.5752 3.89526 15.0802
bi_informed_rrt_star 49 7.54265 30.6266 17.6032 21.8991 15.5752 3.89526 15.0802
bi_informed_rrt_star 50 7.61831 30.6266 17.6032 21.8991 15.5752 3.89526 15.0802
bi_informed_rrt_star 51 7.70222 30.6266 17.6032 21.8991 15.5752 3.89526 15.0802
bi_informed_rrt_star 52 7.7984 30.6266 17.6032 21.8991 15.5752 3.89526 15.0802
bi_informed_rrt_star 53 7.94905 30.6266 17.6032 21.8991 15.5752 3.89526 15.0802
bi_informed_rrt_star 54 8.20297 30.6266 17.6032 21.8991 15.5752 3.89526 15.0802
bi_informed_rrt_star 55 8.83536 29.8652 16.3677 21.8164 15.5752 3.89526 15.0802
bi_informed_rrt_star 56 9.07806 29.8652 16.3677 21.8164 15.5752 3.89526 15.0802
bi_informed_rrt_star 57 9.2154 29.8652 16.3677 21.8164 15.5752 3.89526 15.0802
bi_informed_rrt_star 58 9.5315 29.8652 16.3677 21.8164 15.5752 3.89526 15.0802
bi_informed_rrt_star 59 9.62008 29.8652 16.3677 21.8164 15.5752 3.89526 15.0802
bi_informed_rrt_star 60 9.77274 29.8652 16.3677 21.8164 15.5752 3.89526 15.0802
bi_informed_rrt_star 61 9.8746 29.8652 16.3677 21.8164 15.5752 3.89526 15.0802
bi_informed_rrt_star 62 10.7268 29.8652 16.3677 21.8164 15.5752 3.89526 15.0802
bi_informed_rrt_star 63 11.3924 29.8652 16.3677 21.8164 15.5752 3.89526 15.0802
bi_informed_rrt_star 64 11.4801 29.8652 16.3677 21.8164 15.5752 3.89526 15.0802
bi_informed_rrt_star 65 11.5701 29.8652 16.3677 21.8164 15.5752 3.89526 15.0802
bi_informed_rrt_star 66 11.8249 29.8652 16.3677 21.8164 15.5752 3.89526 15.0802
bi_informed_rrt_star 67 11.8597 29.8652 16.3677 21.8164 15.5752 3.89526 15.0802
bi_informed_rrt_star 68 11.9292 29.8652 16.3677 21.8164 15.5752 3.89526 15.0802
bi_informed_rrt_star 69 12.0585 29.8652 16.3677 21.8164 15.5752 3.89526 15.0802
bi_informed_rrt_star 70 12.1699 27.9639 18.4938 18.9845 15.5752 3.89526 15.0802
bi_informed_rrt_star 71 12.2384 27.9639 18.4938 18.9845 15.5752 3.89526 15.0802
bi_informed_rrt_star 72 12.832 27.9639 18.4938 18.9845 15.5752 3.89526 15.0802
bi_informed_rrt_star 73 13.4625 27.9639 18.4938 18.9845 15.5752 3.89526 15.0802
bi_informed_rrt_star 74 13.5365 27.9639 18.4938 18.9845 15.5752 3.89526 15.0802
bi_informed_rrt_star 75 13.6143 27.9639 18.4938 18.9845 15.5752 3.89526 15.0802
bi_informed_rrt_star 76 13.6835 27.9639 18.4938 18.9845 15.5752 3.89526 15.0802
bi_informed_rrt_star 77 14.2545 27.9639 18.4938 18.9845 15.5752 3.89526 15.0802
bi_informed_rrt_star 78 14.73 27.9639 18.4938 18.9845 15.5752 3.89526 15.0802
bi_informed_rrt_star 79 14.8915 27.9639 18.4938 18.9845 15.5752 3.89526 15.0802
bi_informed_rrt_star 80 14.9595 27.9639 18.4938 18.9845 15.5752 3.89526 15.0802
bi_informed_rrt_star 81 15.5733 27.9639 18.4938 18.9845 15.5752 3.89526 15.0802
bi_informed_rrt_star 82 16.7054 27.9639 18.4938 18.9845 15.5752 3.89526 15.0802
bi_informed_rrt_star 83 16.8085 27.9639 18.4938 18.9845 15.5752 3.89526 15.0802
bi_informed_rrt_star 84 16.8815 27.9639 18.4938 18.9845 15.5752 3.89526 15.0802
bi_informed_rrt_star 85 17.4973 27.9639 18.4938 18.9845 15.5752 3.89526 15.0802
bi_informed_rrt_star 86 17.5893 27.9639 18.4938 18.9845 15.5752 3.89526 15.0802
bi_informed_rrt_star 87 17.7696 27.9639 18.4938 18.9845 15.5752 3.89526 15.0802
bi_informed_rrt_star 88 18.0777 27.9639 18.4938 18.9845 15.5752 3.89526 15.0802
bi_informed_rrt_star 89 18.1921 27.9639 18.4938 18.9845 15.5752 3.89526 15.0802
bi_informed_rrt_star 90 18.2838 27.9639 18.4938 18.9845 15.5752 3.89526 15.0802
bi_informed_rrt_star 91 18.3485 27.9639 18.4938 18.9845 15.5752 3.89526 15.0802
bi_informed_rrt_star 92 18.9953 27.9639 18.4938 18.9845 15.5752 3.89526 15.0802
bi_informed_rrt_star 93 19.0836 27.9639 18.4938 18.9845 15.5752 3.89526 15.0802
bi_informed_rrt_star 94 19.3217 27.9639 18.4938 18.9845 15.5752 3.89526 15.0802
bi_informed_rrt_star 95 19.728 27.9639 18.4938 18.9845 15.5752 3.89526 15.0802
bi_informed_rrt_star 96 19.9308 27.9639 18.4938 18.9845 15.5752 3.89526 15.0802
bi_informed_rrt_star 97 20.1752 27.9639 18.4938 18.9845 15.5752 3.89526 15.0802
