planner_name iteration planning_time_elapsed cost_solution_total cost_solution_revolute cost_solution_prismatic theoretical_cost_total theoretical_cost_revolute theoretical_cost_prismatic
bi_informed_rrt_star 1 0.451832 10000 10000 10000 16.9304 0.864316 16.9083
bi_informed_rrt_star 2 0.743489 10000 10000 10000 16.9304 0.864316 16.9083
bi_informed_rrt_star 3 0.780239 10000 10000 10000 16.9304 0.864316 16.9083
bi_informed_rrt_star 4 0.791043 10000 10000 10000 16.9304 0.864316 16.9083
bi_informed_rrt_star 5 0.821314 10000 10000 10000 16.9304 0.864316 16.9083
bi_informed_rrt_star 6 0.878338 10000 10000 10000 16.9304 0.864316 16.9083
bi_informed_rrt_star 7 0.906015 10000 10000 10000 16.9304 0.864316 16.9083
bi_informed_rrt_star 8 0.948251 10000 10000 10000 16.9304 0.864316 16.9083
bi_informed_rrt_star 9 0.993033 10000 10000 10000 16.9304 0.864316 16.9083
bi_informed_rrt_star 10 1.06565 10000 10000 10000 16.9304 0.864316 16.9083
bi_informed_rrt_star 11 1.13228 10000 10000 10000 16.9304 0.864316 16.9083
bi_informed_rrt_star 12 1.25013 19.0442 3.31998 17.7573 16.9304 0.864316 16.9083
bi_informed_rrt_star 13 1.57156 19.0442 3.31998 17.7573 16.9304 0.864316 16.9083
bi_informed_rrt_star 14 1.68669 19.0442 3.31998 17.7573 16.9304 0.864316 16.9083
bi_informed_rrt_star 15 1.79536 19.0442 3.31998 17.7573 16.9304 0.864316 16.9083
bi_informed_rrt_star 16 1.89956 19.0442 3.31998 17.7573 16.9304 0.864316 16.9083
bi_informed_rrt_star 17 2.52928 18.824 3.26296 17.5906 16.9304 0.864316 16.9083
bi_informed_rrt_star 18 2.59473 18.824 3.26296 17.5906 16.9304 0.864316 16.9083
bi_informed_rrt_star 19 3.05957 18.7562 3.51896 17.3594 16.9304 0.864316 16.9083
bi_informed_rrt_star 20 3.16834 18.7562 3.51896 17.3594 16.9304 0.864316 16.9083
bi_informed_rrt_star 21 3.38122 18.7562 3.51896 17.3594 16.9304 0.864316 16.9083
bi_informed_rrt_star 22 3.51575 18.7562 3.51896 17.3594 16.9304 0.864316 16.9083
bi_informed_rrt_star 23 3.81165 18.7562 3.51896 17.3594 16.9304 0.864316 16.9083
bi_informed_rrt_star 24 3.92561 18.7562 3.51896 17.3594 16.9304 0.864316 16.9083
bi_informed_rrt_star 25 4.17541 18.7562 3.51896 17.3594 16.9304 0.864316 16.9083
bi_informed_rrt_star 26 4.29933 18.7562 3.51896 17.3594 16.9304 0.864316 16.9083
bi_informed_rrt_star 27 4.58083 18.7562 3.51896 17.3594 16.9304 0.864316 16.9083
bi_informed_rrt_star 28 5.14846 18.5748 3.81199 17.1287 16.9304 0.864316 16.9083
bi_informed_rrt_star 29 5.29516 18.5748 3.81199 17.1287 16.9304 0.864316 16.9083
bi_informed_rrt_star 30 5.58906 18.5748 3.81199 17.1287 16.9304 0.864316 16.9083
bi_informed_rrt_star 31 5.92254 18.5748 3.81199 17.1287 16.9304 0.864316 16.9083
bi_informed_rrt_star 32 6.10548 18.5748 3.81199 17.1287 16.9304 0.864316 16.9083
bi_informed_rrt_star 33 6.20291 18.5748 3.81199 17.1287 16.9304 0.864316 16.9083
bi_informed_rrt_star 34 6.43919 18.5748 3.81199 17.1287 16.9304 0.864316 16.9083
bi_informed_rrt_star 35 6.92401 18.5748 3.81199 17.1287 16.9304 0.864316 16.9083
bi_informed_rrt_star 36 7.27372 18.5748 3.81199 17.1287 16.9304 0.864316 16.9083
bi_informed_rrt_star 37 7.40928 18.5748 3.81199 17.1287 16.9304 0.864316 16.9083
bi_informed_rrt_star 38 7.85576 18.5748 3.81199 17.1287 16.9304 0.864316 16.9083
bi_informed_rrt_star 39 8.18218 18.5748 3.81199 17.1287 16.9304 0.864316 16.9083
bi_informed_rrt_star 40 8.50755 18.5748 3.81199 17.1287 16.9304 0.864316 16.9083
bi_informed_rrt_star 41 8.67941 18.5748 3.81199 17.1287 16.9304 0.864316 16.9083
bi_informed_rrt_star 42 9.23659 18.5748 3.81199 17.1287 16.9304 0.864316 16.9083
bi_informed_rrt_star 43 9.62266 18.5748 3.81199 17.1287 16.9304 0.864316 16.9083
bi_informed_rrt_star 44 9.64151 18.5748 3.81199 17.1287 16.9304 0.864316 16.9083
bi_informed_rrt_star 45 10.3161 18.5748 3.81199 17.1287 16.9304 0.864316 16.9083
bi_informed_rrt_star 46 10.6757 18.5748 3.81199 17.1287 16.9304 0.864316 16.9083
bi_informed_rrt_star 47 11.0633 18.5748 3.81199 17.1287 16.9304 0.864316 16.9083
bi_informed_rrt_star 48 11.4046 18.5748 3.81199 17.1287 16.9304 0.864316 16.9083
bi_informed_rrt_star 49 11.7546 18.5748 3.81199 17.1287 16.9304 0.864316 16.9083
bi_informed_rrt_star 50 12.3544 18.5748 3.81199 17.1287 16.9304 0.864316 16.9083
bi_informed_rrt_star 51 12.8191 18.5748 3.81199 17.1287 16.9304 0.864316 16.9083
bi_informed_rrt_star 52 12.9439 18.5748 3.81199 17.1287 16.9304 0.864316 16.9083
bi_informed_rrt_star 53 13.4619 18.5748 3.81199 17.1287 16.9304 0.864316 16.9083
bi_informed_rrt_star 54 13.8588 18.5748 3.81199 17.1287 16.9304 0.864316 16.9083
bi_informed_rrt_star 55 14.1765 18.5748 3.81199 17.1287 16.9304 0.864316 16.9083
bi_informed_rrt_star 56 14.5804 18.5748 3.81199 17.1287 16.9304 0.864316 16.9083
bi_informed_rrt_star 57 15.0342 18.5748 3.81199 17.1287 16.9304 0.864316 16.9083
bi_informed_rrt_star 58 15.1663 18.5748 3.81199 17.1287 16.9304 0.864316 16.9083
bi_informed_rrt_star 59 15.599 18.5748 3.81199 17.1287 16.9304 0.864316 16.9083
bi_informed_rrt_star 60 15.6412 18.5748 3.81199 17.1287 16.9304 0.864316 16.9083
bi_informed_rrt_star 61 16.1161 18.5748 3.81199 17.1287 16.9304 0.864316 16.9083
bi_informed_rrt_star 62 16.4112 18.5748 3.81199 17.1287 16.9304 0.864316 16.9083
bi_informed_rrt_star 63 16.811 18.5748 3.81199 17.1287 16.9304 0.864316 16.9083
bi_informed_rrt_star 64 16.9274 18.5748 3.81199 17.1287 16.9304 0.864316 16.9083
bi_informed_rrt_star 65 17.0038 18.5748 3.81199 17.1287 16.9304 0.864316 16.9083
bi_informed_rrt_star 66 17.2363 18.5748 3.81199 17.1287 16.9304 0.864316 16.9083
bi_informed_rrt_star 67 17.7357 18.5748 3.81199 17.1287 16.9304 0.864316 16.9083
bi_informed_rrt_star 68 18.2771 18.5748 3.81199 17.1287 16.9304 0.864316 16.9083
bi_informed_rrt_star 69 18.6586 18.5748 3.81199 17.1287 16.9304 0.864316 16.9083
bi_informed_rrt_star 70 18.8313 18.5748 3.81199 17.1287 16.9304 0.864316 16.9083
bi_informed_rrt_star 71 19.2268 18.5748 3.81199 17.1287 16.9304 0.864316 16.9083
bi_informed_rrt_star 72 19.7825 18.5748 3.81199 17.1287 16.9304 0.864316 16.9083
bi_informed_rrt_star 73 20.3347 18.5748 3.81199 17.1287 16.9304 0.864316 16.9083
bi_informed_rrt_star 74 20.6273 18.5748 3.81199 17.1287 16.9304 0.864316 16.9083
bi_informed_rrt_star 75 21.0385 18.5748 3.81199 17.1287 16.9304 0.864316 16.9083
bi_informed_rrt_star 76 21.5402 18.5748 3.81199 17.1287 16.9304 0.864316 16.9083
bi_informed_rrt_star 77 21.963 18.5748 3.81199 17.1287 16.9304 0.864316 16.9083
bi_informed_rrt_star 78 22.0096 18.5748 3.81199 17.1287 16.9304 0.864316 16.9083
bi_informed_rrt_star 79 22.529 18.5175 3.62051 17.1511 16.9304 0.864316 16.9083
bi_informed_rrt_star 80 23.2352 18.5175 3.62051 17.1511 16.9304 0.864316 16.9083
bi_informed_rrt_star 81 23.667 18.5175 3.62051 17.1511 16.9304 0.864316 16.9083
bi_informed_rrt_star 82 24.1586 18.5175 3.62051 17.1511 16.9304 0.864316 16.9083
bi_informed_rrt_star 83 24.4509 18.5175 3.62051 17.1511 16.9304 0.864316 16.9083
bi_informed_rrt_star 84 24.9192 18.5175 3.62051 17.1511 16.9304 0.864316 16.9083
bi_informed_rrt_star 85 25.2343 18.5175 3.62051 17.1511 16.9304 0.864316 16.9083
bi_informed_rrt_star 86 25.7709 18.5175 3.62051 17.1511 16.9304 0.864316 16.9083
bi_informed_rrt_star 87 25.9074 18.5175 3.62051 17.1511 16.9304 0.864316 16.9083
bi_informed_rrt_star 88 26.409 18.5175 3.62051 17.1511 16.9304 0.864316 16.9083
bi_informed_rrt_star 89 26.7936 18.5175 3.62051 17.1511 16.9304 0.864316 16.9083
bi_informed_rrt_star 90 26.9252 18.5175 3.62051 17.1511 16.9304 0.864316 16.9083
bi_informed_rrt_star 91 27.3205 18.5175 3.62051 17.1511 16.9304 0.864316 16.9083
bi_informed_rrt_star 92 27.8523 18.5175 3.62051 17.1511 16.9304 0.864316 16.9083
bi_informed_rrt_star 93 28.3483 18.5175 3.62051 17.1511 16.9304 0.864316 16.9083
bi_informed_rrt_star 94 29.1024 18.5175 3.62051 17.1511 16.9304 0.864316 16.9083
bi_informed_rrt_star 95 29.6777 18.5175 3.62051 17.1511 16.9304 0.864316 16.9083
bi_informed_rrt_star 96 30.0851 18.5175 3.62051 17.1511 16.9304 0.864316 16.9083
