planner_name iteration planning_time_elapsed cost_solution_total cost_solution_revolute cost_solution_prismatic theoretical_cost_total theoretical_cost_revolute theoretical_cost_prismatic
bi_informed_rrt_star 1 0.0139031 10000 10000 10000 17.7544 2.49831 17.5778
bi_informed_rrt_star 2 0.0402842 10000 10000 10000 17.7544 2.49831 17.5778
bi_informed_rrt_star 3 0.461402 10000 10000 10000 17.7544 2.49831 17.5778
bi_informed_rrt_star 4 0.518276 10000 10000 10000 17.7544 2.49831 17.5778
bi_informed_rrt_star 5 0.925755 10000 10000 10000 17.7544 2.49831 17.5778
bi_informed_rrt_star 6 0.947127 10000 10000 10000 17.7544 2.49831 17.5778
bi_informed_rrt_star 7 1.3561 10000 10000 10000 17.7544 2.49831 17.5778
bi_informed_rrt_star 8 1.38969 10000 10000 10000 17.7544 2.49831 17.5778
bi_informed_rrt_star 9 1.71376 10000 10000 10000 17.7544 2.49831 17.5778
bi_informed_rrt_star 10 1.82679 10000 10000 10000 17.7544 2.49831 17.5778
bi_informed_rrt_star 11 1.89084 10000 10000 10000 17.7544 2.49831 17.5778
bi_informed_rrt_star 12 1.9115 10000 10000 10000 17.7544 2.49831 17.5778
bi_informed_rrt_star 13 1.94021 10000 10000 10000 17.7544 2.49831 17.5778
bi_informed_rrt_star 14 1.97511 10000 10000 10000 17.7544 2.49831 17.5778
bi_informed_rrt_star 15 2.02353 10000 10000 10000 17.7544 2.49831 17.5778
bi_informed_rrt_star 16 2.0822 10000 10000 10000 17.7544 2.49831 17.5778
bi_informed_rrt_star 17 2.15034 10000 10000 10000 17.7544 2.49831 17.5778
bi_informed_rrt_star 18 2.18078 10000 10000 10000 17.7544 2.49831 17.5778
bi_informed_rrt_star 19 2.21326 10000 10000 10000 17.7544 2.49831 17.5778
bi_informed_rrt_star 20 2.30607 10000 10000 10000 17.7544 2.49831 17.5778
bi_informed_rrt_star 21 2.38154 10000 10000 10000 17.7544 2.49831 17.5778
bi_informed_rrt_star 22 2.42229 10000 10000 10000 17.7544 2.49831 17.5778
bi_informed_rrt_star 23 2.45883 10000 10000 10000 17.7544 2.49831 17.5778
bi_informed_rrt_star 24 2.52405 10000 10000 10000 17.7544 2.49831 17.5778
bi_informed_rrt_star 25 2.53909 10000 10000 10000 17.7544 2.49831 17.5778
bi_informed_rrt_star 26 2.56862 10000 10000 10000 17.7544 2.49831 17.5778
bi_informed_rrt_star 27 2.62749 10000 10000 10000 17.7544 2.49831 17.5778
bi_informed_rrt_star 28 2.68408 10000 10000 10000 17.7544 2.49831 17.5778
bi_informed_rrt_star 29 2.69894 10000 10000 10000 17.7544 2.49831 17.5778
bi_informed_rrt_star 30 2.78785 10000 10000 10000 17.7544 2.49831 17.5778
bi_informed_rrt_star 31 2.83916 10000 10000 10000 17.7544 2.49831 17.5778
bi_informed_rrt_star 32 2.92959 10000 10000 10000 17.7544 2.49831 17.5778
bi_informed_rrt_star 33 3.00583 10000 10000 10000 17.7544 2.49831 17.5778
bi_informed_rrt_star 34 3.07403 10000 10000 10000 17.7544 2.49831 17.5778
bi_informed_rrt_star 35 3.10312 10000 10000 10000 17.7544 2.49831 17.5778
bi_informed_rrt_star 36 3.45473 10000 10000 10000 17.7544 2.49831 17.5778
bi_informed_rrt_star 37 3.47135 10000 10000 10000 17.7544 2.49831 17.5778
bi_informed_rrt_star 38 3.57831 10000 10000 10000 17.7544 2.49831 17.5778
bi_informed_rrt_star 39 3.60542 10000 10000 10000 17.7544 2.49831 17.5778
bi_informed_rrt_star 40 3.61769 10000 10000 10000 17.7544 2.49831 17.5778
bi_informed_rrt_star 41 3.68652 10000 10000 10000 17.7544 2.49831 17.5778
bi_informed_rrt_star 42 3.7193 10000 10000 10000 17.7544 2.49831 17.5778
bi_informed_rrt_star 43 3.76243 10000 10000 10000 17.7544 2.49831 17.5778
bi_informed_rrt_star 44 3.81404 10000 10000 10000 17.7544 2.49831 17.5778
bi_informed_rrt_star 45 3.82491 10000 10000 10000 17.7544 2.49831 17.5778
bi_informed_rrt_star 46 3.83591 10000 10000 10000 17.7544 2.49831 17.5778
bi_informed_rrt_star 47 3.86665 10000 10000 10000 17.7544 2.49831 17.5778
bi_informed_rrt_star 48 3.94439 10000 10000 10000 17.7544 2.49831 17.5778
bi_informed_rrt_star 49 3.98952 10000 10000 10000 17.7544 2.49831 17.5778
bi_informed_rrt_star 50 3.9994 10000 10000 10000 17.7544 2.49831 17.5778
bi_informed_rrt_star 51 4.04699 10000 10000 10000 17.7544 2.49831 17.5778
bi_informed_rrt_star 52 4.07818 10000 10000 10000 17.7544 2.49831 17.5778
bi_informed_rrt_star 53 4.12268 10000 10000 10000 17.7544 2.49831 17.5778
bi_informed_rrt_star 54 4.17538 10000 10000 10000 17.7544 2.49831 17.5778
bi_informed_rrt_star 55 4.20701 10000 10000 10000 17.7544 2.49831 17.5778
bi_informed_rrt_star 56 4.21957 10000 10000 10000 17.7544 2.49831 17.5778
bi_informed_rrt_star 57 4.62137 10000 10000 10000 17.7544 2.49831 17.5778
bi_informed_rrt_star 58 5.02839 10000 10000 10000 17.7544 2.49831 17.5778
bi_informed_rrt_star 59 5.05788 10000 10000 10000 17.7544 2.49831 17.5778
bi_informed_rrt_star 60 5.18767 10000 10000 10000 17.7544 2.49831 17.5778
bi_informed_rrt_star 61 5.25932 10000 10000 10000 17.7544 2.49831 17.5778
bi_informed_rrt_star 62 5.29677 10000 10000 10000 17.7544 2.49831 17.5778
bi_informed_rrt_star 63 5.36964 10000 10000 10000 17.7544 2.49831 17.5778
bi_informed_rrt_star 64 5.42536 10000 10000 10000 17.7544 2.49831 17.5778
bi_informed_rrt_star 65 5.87362 10000 10000 10000 17.7544 2.49831 17.5778
bi_informed_rrt_star 66 5.99889 10000 10000 10000 17.7544 2.49831 17.5778
bi_informed_rrt_star 67 6.33111 10000 10000 10000 17.7544 2.49831 17.5778
bi_informed_rrt_star 68 6.47279 10000 10000 10000 17.7544 2.49831 17.5778
bi_informed_rrt_star 69 6.49621 10000 10000 10000 17.7544 2.49831 17.5778
bi_informed_rrt_star 70 6.5194 10000 10000 10000 17.7544 2.49831 17.5778
bi_informed_rrt_star 71 6.60987 10000 10000 10000 17.7544 2.49831 17.5778
bi_informed_rrt_star 72 6.66768 10000 10000 10000 17.7544 2.49831 17.5778
bi_informed_rrt_star 73 6.77003 10000 10000 10000 17.7544 2.49831 17.5778
bi_informed_rrt_star 74 6.79686 10000 10000 10000 17.7544 2.49831 17.5778
bi_informed_rrt_star 75 6.8343 10000 10000 10000 17.7544 2.49831 17.5778
bi_informed_rrt_star 76 7.02105 10000 10000 10000 17.7544 2.49831 17.5778
bi_informed_rrt_star 77 7.05129 10000 10000 10000 17.7544 2.49831 17.5778
bi_informed_rrt_star 78 7.41251 10000 10000 10000 17.7544 2.49831 17.5778
bi_informed_rrt_star 79 7.48652 10000 10000 10000 17.7544 2.49831 17.5778
bi_informed_rrt_star 80 7.51572 10000 10000 10000 17.7544 2.49831 17.5778
bi_informed_rrt_star 81 7.85882 10000 10000 10000 17.7544 2.49831 17.5778
bi_informed_rrt_star 82 7.88404 10000 10000 10000 17.7544 2.49831 17.5778
bi_informed_rrt_star 83 7.90377 10000 10000 10000 17.7544 2.49831 17.5778
bi_informed_rrt_star 84 7.93761 10000 10000 10000 17.7544 2.49831 17.5778
bi_informed_rrt_star 85 7.98448 10000 10000 10000 17.7544 2.49831 17.5778
bi_informed_rrt_star 86 8.02143 10000 10000 10000 17.7544 2.49831 17.5778
bi_informed_rrt_star 87 8.05215 10000 10000 10000 17.7544 2.49831 17.5778
bi_informed_rrt_star 88 8.10036 10000 10000 10000 17.7544 2.49831 17.5778
bi_informed_rrt_star 89 8.33145 10000 10000 10000 17.7544 2.49831 17.5778
bi_informed_rrt_star 90 8.34982 10000 10000 10000 17.7544 2.49831 17.5778
bi_informed_rrt_star 91 8.39482 10000 10000 10000 17.7544 2.49831 17.5778
bi_informed_rrt_star 92 8.45715 10000 10000 10000 17.7544 2.49831 17.5778
bi_informed_rrt_star 93 8.48881 10000 10000 10000 17.7544 2.49831 17.5778
bi_informed_rrt_star 94 8.5247 10000 10000 10000 17.7544 2.49831 17.5778
bi_informed_rrt_star 95 8.54012 10000 10000 10000 17.7544 2.49831 17.5778
bi_informed_rrt_star 96 8.57597 10000 10000 10000 17.7544 2.49831 17.5778
bi_informed_rrt_star 97 8.59667 10000 10000 10000 17.7544 2.49831 17.5778
bi_informed_rrt_star 98 8.61024 10000 10000 10000 17.7544 2.49831 17.5778
bi_informed_rrt_star 99 8.66116 10000 10000 10000 17.7544 2.49831 17.5778
bi_informed_rrt_star 100 8.74119 10000 10000 10000 17.7544 2.49831 17.5778
bi_informed_rrt_star 101 8.76565 10000 10000 10000 17.7544 2.49831 17.5778
bi_informed_rrt_star 102 8.79126 10000 10000 10000 17.7544 2.49831 17.5778
bi_informed_rrt_star 103 8.80181 10000 10000 10000 17.7544 2.49831 17.5778
bi_informed_rrt_star 104 8.83532 10000 10000 10000 17.7544 2.49831 17.5778
bi_informed_rrt_star 105 8.86915 10000 10000 10000 17.7544 2.49831 17.5778
bi_informed_rrt_star 106 8.89822 10000 10000 10000 17.7544 2.49831 17.5778
bi_informed_rrt_star 107 8.96059 10000 10000 10000 17.7544 2.49831 17.5778
bi_informed_rrt_star 108 9.00925 10000 10000 10000 17.7544 2.49831 17.5778
bi_informed_rrt_star 109 9.07782 10000 10000 10000 17.7544 2.49831 17.5778
bi_informed_rrt_star 110 9.10944 10000 10000 10000 17.7544 2.49831 17.5778
bi_informed_rrt_star 111 9.47408 10000 10000 10000 17.7544 2.49831 17.5778
bi_informed_rrt_star 112 9.5231 10000 10000 10000 17.7544 2.49831 17.5778
bi_informed_rrt_star 113 9.58253 10000 10000 10000 17.7544 2.49831 17.5778
bi_informed_rrt_star 114 9.5945 10000 10000 10000 17.7544 2.49831 17.5778
bi_informed_rrt_star 115 9.6259 10000 10000 10000 17.7544 2.49831 17.5778
bi_informed_rrt_star 116 9.66988 10000 10000 10000 17.7544 2.49831 17.5778
bi_informed_rrt_star 117 10.0311 10000 10000 10000 17.7544 2.49831 17.5778
bi_informed_rrt_star 118 10.072 10000 10000 10000 17.7544 2.49831 17.5778
bi_informed_rrt_star 119 10.1772 10000 10000 10000 17.7544 2.49831 17.5778
bi_informed_rrt_star 120 10.2655 10000 10000 10000 17.7544 2.49831 17.5778
bi_informed_rrt_star 121 10.2808 10000 10000 10000 17.7544 2.49831 17.5778
bi_informed_rrt_star 122 10.3069 10000 10000 10000 17.7544 2.49831 17.5778
bi_informed_rrt_star 123 10.3654 10000 10000 10000 17.7544 2.49831 17.5778
bi_informed_rrt_star 124 10.4461 10000 10000 10000 17.7544 2.49831 17.5778
bi_informed_rrt_star 125 10.4565 10000 10000 10000 17.7544 2.49831 17.5778
bi_informed_rrt_star 126 10.5128 10000 10000 10000 17.7544 2.49831 17.5778
bi_informed_rrt_star 127 10.5488 10000 10000 10000 17.7544 2.49831 17.5778
bi_informed_rrt_star 128 10.5834 10000 10000 10000 17.7544 2.49831 17.5778
bi_informed_rrt_star 129 10.6176 10000 10000 10000 17.7544 2.49831 17.5778
bi_informed_rrt_star 130 10.6322 10000 10000 10000 17.7544 2.49831 17.5778
bi_informed_rrt_star 131 10.744 10000 10000 10000 17.7544 2.49831 17.5778
bi_informed_rrt_star 132 10.7639 10000 10000 10000 17.7544 2.49831 17.5778
bi_informed_rrt_star 133 10.7777 10000 10000 10000 17.7544 2.49831 17.5778
bi_informed_rrt_star 134 10.8055 10000 10000 10000 17.7544 2.49831 17.5778
bi_informed_rrt_star 135 10.8608 10000 10000 10000 17.7544 2.49831 17.5778
bi_informed_rrt_star 136 10.8891 10000 10000 10000 17.7544 2.49831 17.5778
bi_informed_rrt_star 137 10.8979 10000 10000 10000 17.7544 2.49831 17.5778
bi_informed_rrt_star 138 11.2874 10000 10000 10000 17.7544 2.49831 17.5778
bi_informed_rrt_star 139 11.3449 10000 10000 10000 17.7544 2.49831 17.5778
bi_informed_rrt_star 140 11.4109 10000 10000 10000 17.7544 2.49831 17.5778
bi_informed_rrt_star 141 11.4465 10000 10000 10000 17.7544 2.49831 17.5778
bi_informed_rrt_star 142 11.5308 10000 10000 10000 17.7544 2.49831 17.5778
bi_informed_rrt_star 143 11.5746 10000 10000 10000 17.7544 2.49831 17.5778
bi_informed_rrt_star 144 11.6063 10000 10000 10000 17.7544 2.49831 17.5778
bi_informed_rrt_star 145 11.7257 10000 10000 10000 17.7544 2.49831 17.5778
bi_informed_rrt_star 146 11.7466 10000 10000 10000 17.7544 2.49831 17.5778
bi_informed_rrt_star 147 11.8808 10000 10000 10000 17.7544 2.49831 17.5778
bi_informed_rrt_star 148 11.9264 10000 10000 10000 17.7544 2.49831 17.5778
bi_informed_rrt_star 149 11.9626 10000 10000 10000 17.7544 2.49831 17.5778
bi_informed_rrt_star 150 11.99 10000 10000 10000 17.7544 2.49831 17.5778
bi_informed_rrt_star 151 12.0403 10000 10000 10000 17.7544 2.49831 17.5778
bi_informed_rrt_star 152 12.0555 10000 10000 10000 17.7544 2.49831 17.5778
bi_informed_rrt_star 153 12.1875 10000 10000 10000 17.7544 2.49831 17.5778
bi_informed_rrt_star 154 12.1977 10000 10000 10000 17.7544 2.49831 17.5778
bi_informed_rrt_star 155 12.208 10000 10000 10000 17.7544 2.49831 17.5778
bi_informed_rrt_star 156 12.3078 10000 10000 10000 17.7544 2.49831 17.5778
bi_informed_rrt_star 157 12.3461 10000 10000 10000 17.7544 2.49831 17.5778
bi_informed_rrt_star 158 12.3772 10000 10000 10000 17.7544 2.49831 17.5778
bi_informed_rrt_star 159 12.5098 10000 10000 10000 17.7544 2.49831 17.5778
bi_informed_rrt_star 160 12.5243 10000 10000 10000 17.7544 2.49831 17.5778
bi_informed_rrt_star 161 12.5518 10000 10000 10000 17.7544 2.49831 17.5778
bi_informed_rrt_star 162 12.5846 10000 10000 10000 17.7544 2.49831 17.5778
bi_informed_rrt_star 163 12.9997 10000 10000 10000 17.7544 2.49831 17.5778
bi_informed_rrt_star 164 13.0189 10000 10000 10000 17.7544 2.49831 17.5778
bi_informed_rrt_star 165 13.0644 10000 10000 10000 17.7544 2.49831 17.5778
bi_informed_rrt_star 166 13.1512 10000 10000 10000 17.7544 2.49831 17.5778
bi_informed_rrt_star 167 13.1991 10000 10000 10000 17.7544 2.49831 17.5778
bi_informed_rrt_star 168 13.496 10000 10000 10000 17.7544 2.49831 17.5778
bi_informed_rrt_star 169 13.5389 10000 10000 10000 17.7544 2.49831 17.5778
bi_informed_rrt_star 170 13.5971 10000 10000 10000 17.7544 2.49831 17.5778
bi_informed_rrt_star 171 13.6221 10000 10000 10000 17.7544 2.49831 17.5778
bi_informed_rrt_star 172 13.7001 10000 10000 10000 17.7544 2.49831 17.5778
bi_informed_rrt_star 173 14.0838 10000 10000 10000 17.7544 2.49831 17.5778
bi_informed_rrt_star 174 14.1192 10000 10000 10000 17.7544 2.49831 17.5778
bi_informed_rrt_star 175 14.1877 10000 10000 10000 17.7544 2.49831 17.5778
bi_informed_rrt_star 176 14.2047 10000 10000 10000 17.7544 2.49831 17.5778
bi_informed_rrt_star 177 14.2232 10000 10000 10000 17.7544 2.49831 17.5778
bi_informed_rrt_star 178 14.273 10000 10000 10000 17.7544 2.49831 17.5778
bi_informed_rrt_star 179 14.3423 10000 10000 10000 17.7544 2.49831 17.5778
bi_informed_rrt_star 180 14.3663 10000 10000 10000 17.7544 2.49831 17.5778
bi_informed_rrt_star 181 14.4043 10000 10000 10000 17.7544 2.49831 17.5778
bi_informed_rrt_star 182 14.4458 10000 10000 10000 17.7544 2.49831 17.5778
bi_informed_rrt_star 183 14.5887 10000 10000 10000 17.7544 2.49831 17.5778
bi_informed_rrt_star 184 14.939 10000 10000 10000 17.7544 2.49831 17.5778
bi_informed_rrt_star 185 14.9729 10000 10000 10000 17.7544 2.49831 17.5778
bi_informed_rrt_star 186 15.0114 10000 10000 10000 17.7544 2.49831 17.5778
bi_informed_rrt_star 187 15.0797 10000 10000 10000 17.7544 2.49831 17.5778
bi_informed_rrt_star 188 15.0982 10000 10000 10000 17.7544 2.49831 17.5778
bi_informed_rrt_star 189 15.1458 10000 10000 10000 17.7544 2.49831 17.5778
bi_informed_rrt_star 190 15.1893 10000 10000 10000 17.7544 2.49831 17.5778
bi_informed_rrt_star 191 15.2668 10000 10000 10000 17.7544 2.49831 17.5778
bi_informed_rrt_star 192 15.2794 10000 10000 10000 17.7544 2.49831 17.5778
bi_informed_rrt_star 193 15.3485 10000 10000 10000 17.7544 2.49831 17.5778
bi_informed_rrt_star 194 15.3914 10000 10000 10000 17.7544 2.49831 17.5778
bi_informed_rrt_star 195 15.4264 10000 10000 10000 17.7544 2.49831 17.5778
bi_informed_rrt_star 196 15.4905 10000 10000 10000 17.7544 2.49831 17.5778
bi_informed_rrt_star 197 15.5396 10000 10000 10000 17.7544 2.49831 17.5778
bi_informed_rrt_star 198 15.6004 10000 10000 10000 17.7544 2.49831 17.5778
bi_informed_rrt_star 199 15.664 10000 10000 10000 17.7544 2.49831 17.5778
bi_informed_rrt_star 200 15.7006 10000 10000 10000 17.7544 2.49831 17.5778
bi_informed_rrt_star 201 15.7551 10000 10000 10000 17.7544 2.49831 17.5778
bi_informed_rrt_star 202 15.8373 10000 10000 10000 17.7544 2.49831 17.5778
bi_informed_rrt_star 203 15.8619 10000 10000 10000 17.7544 2.49831 17.5778
bi_informed_rrt_star 204 16.2363 10000 10000 10000 17.7544 2.49831 17.5778
bi_informed_rrt_star 205 16.2779 10000 10000 10000 17.7544 2.49831 17.5778
bi_informed_rrt_star 206 16.4283 10000 10000 10000 17.7544 2.49831 17.5778
bi_informed_rrt_star 207 16.5285 10000 10000 10000 17.7544 2.49831 17.5778
bi_informed_rrt_star 208 16.5582 10000 10000 10000 17.7544 2.49831 17.5778
bi_informed_rrt_star 209 16.6185 10000 10000 10000 17.7544 2.49831 17.5778
bi_informed_rrt_star 210 16.7004 10000 10000 10000 17.7544 2.49831 17.5778
bi_informed_rrt_star 211 16.7311 10000 10000 10000 17.7544 2.49831 17.5778
bi_informed_rrt_star 212 16.7955 10000 10000 10000 17.7544 2.49831 17.5778
bi_informed_rrt_star 213 17.1778 10000 10000 10000 17.7544 2.49831 17.5778
bi_informed_rrt_star 214 17.2059 10000 10000 10000 17.7544 2.49831 17.5778
bi_informed_rrt_star 215 17.2229 10000 10000 10000 17.7544 2.49831 17.5778
bi_informed_rrt_star 216 17.255 10000 10000 10000 17.7544 2.49831 17.5778
bi_informed_rrt_star 217 17.2935 10000 10000 10000 17.7544 2.49831 17.5778
bi_informed_rrt_star 218 17.6485 10000 10000 10000 17.7544 2.49831 17.5778
bi_informed_rrt_star 219 17.6812 10000 10000 10000 17.7544 2.49831 17.5778
bi_informed_rrt_star 220 17.6934 10000 10000 10000 17.7544 2.49831 17.5778
bi_informed_rrt_star 221 18.0518 10000 10000 10000 17.7544 2.49831 17.5778
bi_informed_rrt_star 222 18.0804 10000 10000 10000 17.7544 2.49831 17.5778
bi_informed_rrt_star 223 18.4625 10000 10000 10000 17.7544 2.49831 17.5778
bi_informed_rrt_star 224 18.5714 10000 10000 10000 17.7544 2.49831 17.5778
bi_informed_rrt_star 225 18.8536 10000 10000 10000 17.7544 2.49831 17.5778
bi_informed_rrt_star 226 18.8903 10000 10000 10000 17.7544 2.49831 17.5778
bi_informed_rrt_star 227 18.9241 10000 10000 10000 17.7544 2.49831 17.5778
bi_informed_rrt_star 228 18.9626 10000 10000 10000 17.7544 2.49831 17.5778
bi_informed_rrt_star 229 19.2014 10000 10000 10000 17.7544 2.49831 17.5778
bi_informed_rrt_star 230 19.5805 10000 10000 10000 17.7544 2.49831 17.5778
bi_informed_rrt_star 231 19.6271 10000 10000 10000 17.7544 2.49831 17.5778
bi_informed_rrt_star 232 19.6656 10000 10000 10000 17.7544 2.49831 17.5778
bi_informed_rrt_star 233 19.7157 10000 10000 10000 17.7544 2.49831 17.5778
bi_informed_rrt_star 234 19.7359 10000 10000 10000 17.7544 2.49831 17.5778
bi_informed_rrt_star 235 19.8053 10000 10000 10000 17.7544 2.49831 17.5778
bi_informed_rrt_star 236 19.8363 10000 10000 10000 17.7544 2.49831 17.5778
bi_informed_rrt_star 237 19.8793 10000 10000 10000 17.7544 2.49831 17.5778
bi_informed_rrt_star 238 19.913 10000 10000 10000 17.7544 2.49831 17.5778
bi_informed_rrt_star 239 19.9281 10000 10000 10000 17.7544 2.49831 17.5778
bi_informed_rrt_star 240 20.0182 10000 10000 10000 17.7544 2.49831 17.5778
bi_informed_rrt_star 241 20.4016 10000 10000 10000 17.7544 2.49831 17.5778
bi_informed_rrt_star 242 20.4222 10000 10000 10000 17.7544 2.49831 17.5778
bi_informed_rrt_star 243 20.4675 10000 10000 10000 17.7544 2.49831 17.5778
bi_informed_rrt_star 244 20.5478 10000 10000 10000 17.7544 2.49831 17.5778
bi_informed_rrt_star 245 20.6207 10000 10000 10000 17.7544 2.49831 17.5778
bi_informed_rrt_star 246 20.6395 10000 10000 10000 17.7544 2.49831 17.5778
bi_informed_rrt_star 247 20.7274 10000 10000 10000 17.7544 2.49831 17.5778
bi_informed_rrt_star 248 20.7683 10000 10000 10000 17.7544 2.49831 17.5778
bi_informed_rrt_star 249 20.786 10000 10000 10000 17.7544 2.49831 17.5778
bi_informed_rrt_star 250 20.8345 10000 10000 10000 17.7544 2.49831 17.5778
bi_informed_rrt_star 251 21.0021 10000 10000 10000 17.7544 2.49831 17.5778
bi_informed_rrt_star 252 21.0597 10000 10000 10000 17.7544 2.49831 17.5778
bi_informed_rrt_star 253 21.1387 10000 10000 10000 17.7544 2.49831 17.5778
bi_informed_rrt_star 254 21.1666 10000 10000 10000 17.7544 2.49831 17.5778
bi_informed_rrt_star 255 21.1934 10000 10000 10000 17.7544 2.49831 17.5778
bi_informed_rrt_star 256 21.2403 10000 10000 10000 17.7544 2.49831 17.5778
bi_informed_rrt_star 257 21.2824 10000 10000 10000 17.7544 2.49831 17.5778
bi_informed_rrt_star 258 21.3573 10000 10000 10000 17.7544 2.49831 17.5778
bi_informed_rrt_star 259 21.4265 10000 10000 10000 17.7544 2.49831 17.5778
bi_informed_rrt_star 260 21.4914 10000 10000 10000 17.7544 2.49831 17.5778
bi_informed_rrt_star 261 21.5039 10000 10000 10000 17.7544 2.49831 17.5778
bi_informed_rrt_star 262 21.5776 10000 10000 10000 17.7544 2.49831 17.5778
bi_informed_rrt_star 263 21.7821 10000 10000 10000 17.7544 2.49831 17.5778
bi_informed_rrt_star 264 21.826 10000 10000 10000 17.7544 2.49831 17.5778
bi_informed_rrt_star 265 21.8568 10000 10000 10000 17.7544 2.49831 17.5778
bi_informed_rrt_star 266 21.9638 10000 10000 10000 17.7544 2.49831 17.5778
bi_informed_rrt_star 267 21.9833 10000 10000 10000 17.7544 2.49831 17.5778
bi_informed_rrt_star 268 22.0635 10000 10000 10000 17.7544 2.49831 17.5778
bi_informed_rrt_star 269 22.1396 10000 10000 10000 17.7544 2.49831 17.5778
bi_informed_rrt_star 270 22.4362 10000 10000 10000 17.7544 2.49831 17.5778
bi_informed_rrt_star 271 22.5053 10000 10000 10000 17.7544 2.49831 17.5778
bi_informed_rrt_star 272 22.5185 10000 10000 10000 17.7544 2.49831 17.5778
bi_informed_rrt_star 273 22.5882 10000 10000 10000 17.7544 2.49831 17.5778
bi_informed_rrt_star 274 22.6622 10000 10000 10000 17.7544 2.49831 17.5778
bi_informed_rrt_star 275 22.7032 10000 10000 10000 17.7544 2.49831 17.5778
bi_informed_rrt_star 276 22.7714 10000 10000 10000 17.7544 2.49831 17.5778
bi_informed_rrt_star 277 22.8518 10000 10000 10000 17.7544 2.49831 17.5778
bi_informed_rrt_star 278 22.9401 10000 10000 10000 17.7544 2.49831 17.5778
bi_informed_rrt_star 279 22.9737 10000 10000 10000 17.7544 2.49831 17.5778
bi_informed_rrt_star 280 23.3204 10000 10000 10000 17.7544 2.49831 17.5778
bi_informed_rrt_star 281 23.3751 10000 10000 10000 17.7544 2.49831 17.5778
bi_informed_rrt_star 282 23.7623 10000 10000 10000 17.7544 2.49831 17.5778
bi_informed_rrt_star 283 23.7973 10000 10000 10000 17.7544 2.49831 17.5778
bi_informed_rrt_star 284 23.868 10000 10000 10000 17.7544 2.49831 17.5778
bi_informed_rrt_star 285 23.9016 10000 10000 10000 17.7544 2.49831 17.5778
bi_informed_rrt_star 286 23.9995 10000 10000 10000 17.7544 2.49831 17.5778
bi_informed_rrt_star 287 24.0317 10000 10000 10000 17.7544 2.49831 17.5778
bi_informed_rrt_star 288 24.394 10000 10000 10000 17.7544 2.49831 17.5778
bi_informed_rrt_star 289 24.4991 10000 10000 10000 17.7544 2.49831 17.5778
bi_informed_rrt_star 290 24.554 10000 10000 10000 17.7544 2.49831 17.5778
bi_informed_rrt_star 291 24.6824 10000 10000 10000 17.7544 2.49831 17.5778
bi_informed_rrt_star 292 24.6992 10000 10000 10000 17.7544 2.49831 17.5778
bi_informed_rrt_star 293 24.7654 10000 10000 10000 17.7544 2.49831 17.5778
bi_informed_rrt_star 294 24.7887 10000 10000 10000 17.7544 2.49831 17.5778
bi_informed_rrt_star 295 24.8569 10000 10000 10000 17.7544 2.49831 17.5778
bi_informed_rrt_star 296 24.8955 10000 10000 10000 17.7544 2.49831 17.5778
bi_informed_rrt_star 297 24.9524 10000 10000 10000 17.7544 2.49831 17.5778
bi_informed_rrt_star 298 25.3127 10000 10000 10000 17.7544 2.49831 17.5778
bi_informed_rrt_star 299 25.3458 10000 10000 10000 17.7544 2.49831 17.5778
bi_informed_rrt_star 300 25.3772 10000 10000 10000 17.7544 2.49831 17.5778
bi_informed_rrt_star 301 25.4427 10000 10000 10000 17.7544 2.49831 17.5778
bi_informed_rrt_star 302 25.4747 10000 10000 10000 17.7544 2.49831 17.5778
bi_informed_rrt_star 303 25.6136 10000 10000 10000 17.7544 2.49831 17.5778
bi_informed_rrt_star 304 25.6877 10000 10000 10000 17.7544 2.49831 17.5778
bi_informed_rrt_star 305 25.747 10000 10000 10000 17.7544 2.49831 17.5778
bi_informed_rrt_star 306 25.8213 10000 10000 10000 17.7544 2.49831 17.5778
bi_informed_rrt_star 307 25.8892 10000 10000 10000 17.7544 2.49831 17.5778
bi_informed_rrt_star 308 25.9124 10000 10000 10000 17.7544 2.49831 17.5778
bi_informed_rrt_star 309 25.9462 10000 10000 10000 17.7544 2.49831 17.5778
bi_informed_rrt_star 310 26.0265 10000 10000 10000 17.7544 2.49831 17.5778
bi_informed_rrt_star 311 26.0661 10000 10000 10000 17.7544 2.49831 17.5778
bi_informed_rrt_star 312 26.1034 10000 10000 10000 17.7544 2.49831 17.5778
bi_informed_rrt_star 313 26.4625 10000 10000 10000 17.7544 2.49831 17.5778
bi_informed_rrt_star 314 26.6289 10000 10000 10000 17.7544 2.49831 17.5778
bi_informed_rrt_star 315 26.7927 10000 10000 10000 17.7544 2.49831 17.5778
bi_informed_rrt_star 316 26.8394 10000 10000 10000 17.7544 2.49831 17.5778
bi_informed_rrt_star 317 26.9175 10000 10000 10000 17.7544 2.49831 17.5778
bi_informed_rrt_star 318 26.9833 10000 10000 10000 17.7544 2.49831 17.5778
bi_informed_rrt_star 319 27.048 10000 10000 10000 17.7544 2.49831 17.5778
bi_informed_rrt_star 320 27.0944 10000 10000 10000 17.7544 2.49831 17.5778
bi_informed_rrt_star 321 27.1116 10000 10000 10000 17.7544 2.49831 17.5778
bi_informed_rrt_star 322 27.1459 10000 10000 10000 17.7544 2.49831 17.5778
bi_informed_rrt_star 323 27.5615 10000 10000 10000 17.7544 2.49831 17.5778
bi_informed_rrt_star 324 27.571 10000 10000 10000 17.7544 2.49831 17.5778
bi_informed_rrt_star 325 27.6549 10000 10000 10000 17.7544 2.49831 17.5778
bi_informed_rrt_star 326 27.6799 10000 10000 10000 17.7544 2.49831 17.5778
bi_informed_rrt_star 327 27.6924 10000 10000 10000 17.7544 2.49831 17.5778
bi_informed_rrt_star 328 27.7359 10000 10000 10000 17.7544 2.49831 17.5778
bi_informed_rrt_star 329 27.7749 10000 10000 10000 17.7544 2.49831 17.5778
bi_informed_rrt_star 330 27.8979 10000 10000 10000 17.7544 2.49831 17.5778
bi_informed_rrt_star 331 27.9469 10000 10000 10000 17.7544 2.49831 17.5778
bi_informed_rrt_star 332 28.131 10000 10000 10000 17.7544 2.49831 17.5778
bi_informed_rrt_star 333 28.2038 10000 10000 10000 17.7544 2.49831 17.5778
bi_informed_rrt_star 334 28.3396 10000 10000 10000 17.7544 2.49831 17.5778
bi_informed_rrt_star 335 28.4128 10000 10000 10000 17.7544 2.49831 17.5778
bi_informed_rrt_star 336 28.4581 10000 10000 10000 17.7544 2.49831 17.5778
bi_informed_rrt_star 337 28.4954 10000 10000 10000 17.7544 2.49831 17.5778
bi_informed_rrt_star 338 28.5346 10000 10000 10000 17.7544 2.49831 17.5778
bi_informed_rrt_star 339 28.5764 10000 10000 10000 17.7544 2.49831 17.5778
bi_informed_rrt_star 340 28.6415 10000 10000 10000 17.7544 2.49831 17.5778
bi_informed_rrt_star 341 28.6746 10000 10000 10000 17.7544 2.49831 17.5778
bi_informed_rrt_star 342 28.7106 10000 10000 10000 17.7544 2.49831 17.5778
bi_informed_rrt_star 343 28.7531 10000 10000 10000 17.7544 2.49831 17.5778
bi_informed_rrt_star 344 28.8041 10000 10000 10000 17.7544 2.49831 17.5778
bi_informed_rrt_star 345 28.8388 10000 10000 10000 17.7544 2.49831 17.5778
bi_informed_rrt_star 346 28.8825 10000 10000 10000 17.7544 2.49831 17.5778
bi_informed_rrt_star 347 28.9309 10000 10000 10000 17.7544 2.49831 17.5778
bi_informed_rrt_star 348 28.9606 10000 10000 10000 17.7544 2.49831 17.5778
bi_informed_rrt_star 349 28.984 10000 10000 10000 17.7544 2.49831 17.5778
bi_informed_rrt_star 350 29.0087 10000 10000 10000 17.7544 2.49831 17.5778
bi_informed_rrt_star 351 29.0428 10000 10000 10000 17.7544 2.49831 17.5778
bi_informed_rrt_star 352 29.1149 10000 10000 10000 17.7544 2.49831 17.5778
bi_informed_rrt_star 353 29.1525 10000 10000 10000 17.7544 2.49831 17.5778
bi_informed_rrt_star 354 29.1894 10000 10000 10000 17.7544 2.49831 17.5778
bi_informed_rrt_star 355 29.2644 10000 10000 10000 17.7544 2.49831 17.5778
bi_informed_rrt_star 356 29.2933 10000 10000 10000 17.7544 2.49831 17.5778
bi_informed_rrt_star 357 29.3853 10000 10000 10000 17.7544 2.49831 17.5778
bi_informed_rrt_star 358 29.4623 10000 10000 10000 17.7544 2.49831 17.5778
bi_informed_rrt_star 359 29.5903 10000 10000 10000 17.7544 2.49831 17.5778
bi_informed_rrt_star 360 29.6541 10000 10000 10000 17.7544 2.49831 17.5778
bi_informed_rrt_star 361 29.6684 10000 10000 10000 17.7544 2.49831 17.5778
bi_informed_rrt_star 362 29.7077 10000 10000 10000 17.7544 2.49831 17.5778
bi_informed_rrt_star 363 29.7281 10000 10000 10000 17.7544 2.49831 17.5778
bi_informed_rrt_star 364 29.7592 10000 10000 10000 17.7544 2.49831 17.5778
bi_informed_rrt_star 365 30.1151 10000 10000 10000 17.7544 2.49831 17.5778
bi_informed_rrt_star 366 30.1558 10000 10000 10000 17.7544 2.49831 17.5778
bi_informed_rrt_star 367 30.1701 10000 10000 10000 17.7544 2.49831 17.5778
bi_informed_rrt_star 368 30.1909 10000 10000 10000 17.7544 2.49831 17.5778
bi_informed_rrt_star 369 30.2728 10000 10000 10000 17.7544 2.49831 17.5778
bi_informed_rrt_star 370 30.302 10000 10000 10000 17.7544 2.49831 17.5778
bi_informed_rrt_star 371 30.4036 10000 10000 10000 17.7544 2.49831 17.5778
bi_informed_rrt_star 372 30.4733 10000 10000 10000 17.7544 2.49831 17.5778
bi_informed_rrt_star 373 30.8859 10000 10000 10000 17.7544 2.49831 17.5778
bi_informed_rrt_star 374 30.9673 10000 10000 10000 17.7544 2.49831 17.5778
bi_informed_rrt_star 375 30.9975 10000 10000 10000 17.7544 2.49831 17.5778
bi_informed_rrt_star 376 31.0222 10000 10000 10000 17.7544 2.49831 17.5778
bi_informed_rrt_star 377 31.0495 10000 10000 10000 17.7544 2.49831 17.5778
bi_informed_rrt_star 378 31.0683 10000 10000 10000 17.7544 2.49831 17.5778
bi_informed_rrt_star 379 31.083 10000 10000 10000 17.7544 2.49831 17.5778
bi_informed_rrt_star 380 31.3698 10000 10000 10000 17.7544 2.49831 17.5778
bi_informed_rrt_star 381 31.4107 10000 10000 10000 17.7544 2.49831 17.5778
bi_informed_rrt_star 382 31.4722 10000 10000 10000 17.7544 2.49831 17.5778
bi_informed_rrt_star 383 31.5362 10000 10000 10000 17.7544 2.49831 17.5778
bi_informed_rrt_star 384 31.5684 10000 10000 10000 17.7544 2.49831 17.5778
bi_informed_rrt_star 385 31.6129 10000 10000 10000 17.7544 2.49831 17.5778
bi_informed_rrt_star 386 31.6456 10000 10000 10000 17.7544 2.49831 17.5778
bi_informed_rrt_star 387 31.6898 10000 10000 10000 17.7544 2.49831 17.5778
bi_informed_rrt_star 388 31.8157 10000 10000 10000 17.7544 2.49831 17.5778
bi_informed_rrt_star 389 31.939 10000 10000 10000 17.7544 2.49831 17.5778
bi_informed_rrt_star 390 31.9708 10000 10000 10000 17.7544 2.49831 17.5778
bi_informed_rrt_star 391 31.9993 10000 10000 10000 17.7544 2.49831 17.5778
bi_informed_rrt_star 392 32.0721 10000 10000 10000 17.7544 2.49831 17.5778
bi_informed_rrt_star 393 32.0893 10000 10000 10000 17.7544 2.49831 17.5778
bi_informed_rrt_star 394 32.1157 10000 10000 10000 17.7544 2.49831 17.5778
bi_informed_rrt_star 395 32.4863 10000 10000 10000 17.7544 2.49831 17.5778
bi_informed_rrt_star 396 32.5316 10000 10000 10000 17.7544 2.49831 17.5778
bi_informed_rrt_star 397 32.5571 10000 10000 10000 17.7544 2.49831 17.5778
bi_informed_rrt_star 398 32.6037 10000 10000 10000 17.7544 2.49831 17.5778
bi_informed_rrt_star 399 32.997 10000 10000 10000 17.7544 2.49831 17.5778
bi_informed_rrt_star 400 33.0311 10000 10000 10000 17.7544 2.49831 17.5778
bi_informed_rrt_star 401 33.0445 10000 10000 10000 17.7544 2.49831 17.5778
bi_informed_rrt_star 402 33.0667 10000 10000 10000 17.7544 2.49831 17.5778
bi_informed_rrt_star 403 33.1325 10000 10000 10000 17.7544 2.49831 17.5778
bi_informed_rrt_star 404 33.2116 10000 10000 10000 17.7544 2.49831 17.5778
bi_informed_rrt_star 405 33.6008 10000 10000 10000 17.7544 2.49831 17.5778
bi_informed_rrt_star 406 33.6838 10000 10000 10000 17.7544 2.49831 17.5778
bi_informed_rrt_star 407 33.7607 10000 10000 10000 17.7544 2.49831 17.5778
bi_informed_rrt_star 408 33.8496 10000 10000 10000 17.7544 2.49831 17.5778
bi_informed_rrt_star 409 33.8784 10000 10000 10000 17.7544 2.49831 17.5778
bi_informed_rrt_star 410 33.9545 10000 10000 10000 17.7544 2.49831 17.5778
bi_informed_rrt_star 411 33.9712 10000 10000 10000 17.7544 2.49831 17.5778
bi_informed_rrt_star 412 34.0779 10000 10000 10000 17.7544 2.49831 17.5778
bi_informed_rrt_star 413 34.1253 10000 10000 10000 17.7544 2.49831 17.5778
bi_informed_rrt_star 414 34.1576 10000 10000 10000 17.7544 2.49831 17.5778
bi_informed_rrt_star 415 34.1955 10000 10000 10000 17.7544 2.49831 17.5778
bi_informed_rrt_star 416 34.5785 10000 10000 10000 17.7544 2.49831 17.5778
bi_informed_rrt_star 417 34.6589 10000 10000 10000 17.7544 2.49831 17.5778
bi_informed_rrt_star 418 34.7173 10000 10000 10000 17.7544 2.49831 17.5778
bi_informed_rrt_star 419 34.7706 10000 10000 10000 17.7544 2.49831 17.5778
bi_informed_rrt_star 420 34.8278 10000 10000 10000 17.7544 2.49831 17.5778
bi_informed_rrt_star 421 34.8563 10000 10000 10000 17.7544 2.49831 17.5778
bi_informed_rrt_star 422 34.8929 10000 10000 10000 17.7544 2.49831 17.5778
bi_informed_rrt_star 423 34.9277 10000 10000 10000 17.7544 2.49831 17.5778
bi_informed_rrt_star 424 34.9706 10000 10000 10000 17.7544 2.49831 17.5778
bi_informed_rrt_star 425 35.3491 10000 10000 10000 17.7544 2.49831 17.5778
bi_informed_rrt_star 426 35.3956 10000 10000 10000 17.7544 2.49831 17.5778
bi_informed_rrt_star 427 35.4396 10000 10000 10000 17.7544 2.49831 17.5778
bi_informed_rrt_star 428 35.4897 10000 10000 10000 17.7544 2.49831 17.5778
bi_informed_rrt_star 429 35.512 10000 10000 10000 17.7544 2.49831 17.5778
bi_informed_rrt_star 430 35.5483 10000 10000 10000 17.7544 2.49831 17.5778
bi_informed_rrt_star 431 35.6096 10000 10000 10000 17.7544 2.49831 17.5778
bi_informed_rrt_star 432 36.0094 10000 10000 10000 17.7544 2.49831 17.5778
bi_informed_rrt_star 433 36.0892 10000 10000 10000 17.7544 2.49831 17.5778
bi_informed_rrt_star 434 36.1478 10000 10000 10000 17.7544 2.49831 17.5778
bi_informed_rrt_star 435 36.2444 10000 10000 10000 17.7544 2.49831 17.5778
bi_informed_rrt_star 436 36.6864 10000 10000 10000 17.7544 2.49831 17.5778
bi_informed_rrt_star 437 36.7706 10000 10000 10000 17.7544 2.49831 17.5778
bi_informed_rrt_star 438 36.847 10000 10000 10000 17.7544 2.49831 17.5778
bi_informed_rrt_star 439 36.8647 10000 10000 10000 17.7544 2.49831 17.5778
bi_informed_rrt_star 440 36.9124 10000 10000 10000 17.7544 2.49831 17.5778
bi_informed_rrt_star 441 36.9418 10000 10000 10000 17.7544 2.49831 17.5778
bi_informed_rrt_star 442 37.0135 10000 10000 10000 17.7544 2.49831 17.5778
bi_informed_rrt_star 443 37.1696 10000 10000 10000 17.7544 2.49831 17.5778
bi_informed_rrt_star 444 37.5616 10000 10000 10000 17.7544 2.49831 17.5778
bi_informed_rrt_star 445 37.5864 10000 10000 10000 17.7544 2.49831 17.5778
bi_informed_rrt_star 446 37.6046 10000 10000 10000 17.7544 2.49831 17.5778
bi_informed_rrt_star 447 37.6361 10000 10000 10000 17.7544 2.49831 17.5778
bi_informed_rrt_star 448 37.6507 10000 10000 10000 17.7544 2.49831 17.5778
bi_informed_rrt_star 449 37.9202 10000 10000 10000 17.7544 2.49831 17.5778
bi_informed_rrt_star 450 38.0022 10000 10000 10000 17.7544 2.49831 17.5778
bi_informed_rrt_star 451 38.0358 10000 10000 10000 17.7544 2.49831 17.5778
bi_informed_rrt_star 452 38.1827 10000 10000 10000 17.7544 2.49831 17.5778
bi_informed_rrt_star 453 38.2769 10000 10000 10000 17.7544 2.49831 17.5778
bi_informed_rrt_star 454 38.2904 10000 10000 10000 17.7544 2.49831 17.5778
bi_informed_rrt_star 455 38.6777 10000 10000 10000 17.7544 2.49831 17.5778
bi_informed_rrt_star 456 38.6971 10000 10000 10000 17.7544 2.49831 17.5778
bi_informed_rrt_star 457 38.7603 10000 10000 10000 17.7544 2.49831 17.5778
bi_informed_rrt_star 458 38.7816 10000 10000 10000 17.7544 2.49831 17.5778
bi_informed_rrt_star 459 38.9456 10000 10000 10000 17.7544 2.49831 17.5778
bi_informed_rrt_star 460 39.3782 10000 10000 10000 17.7544 2.49831 17.5778
bi_informed_rrt_star 461 39.9284 10000 10000 10000 17.7544 2.49831 17.5778
bi_informed_rrt_star 462 39.9629 10000 10000 10000 17.7544 2.49831 17.5778
bi_informed_rrt_star 463 40.0214 10000 10000 10000 17.7544 2.49831 17.5778
bi_informed_rrt_star 464 40.0581 10000 10000 10000 17.7544 2.49831 17.5778
bi_informed_rrt_star 465 40.0755 10000 10000 10000 17.7544 2.49831 17.5778
bi_informed_rrt_star 466 40.1527 10000 10000 10000 17.7544 2.49831 17.5778
bi_informed_rrt_star 467 40.1883 10000 10000 10000 17.7544 2.49831 17.5778
bi_informed_rrt_star 468 40.2605 10000 10000 10000 17.7544 2.49831 17.5778
bi_informed_rrt_star 469 40.2749 10000 10000 10000 17.7544 2.49831 17.5778
bi_informed_rrt_star 470 40.3098 10000 10000 10000 17.7544 2.49831 17.5778
bi_informed_rrt_star 471 40.3286 10000 10000 10000 17.7544 2.49831 17.5778
bi_informed_rrt_star 472 40.3603 10000 10000 10000 17.7544 2.49831 17.5778
bi_informed_rrt_star 473 40.3849 10000 10000 10000 17.7544 2.49831 17.5778
bi_informed_rrt_star 474 40.4512 10000 10000 10000 17.7544 2.49831 17.5778
bi_informed_rrt_star 475 40.4803 10000 10000 10000 17.7544 2.49831 17.5778
bi_informed_rrt_star 476 40.5681 10000 10000 10000 17.7544 2.49831 17.5778
bi_informed_rrt_star 477 40.5767 10000 10000 10000 17.7544 2.49831 17.5778
bi_informed_rrt_star 478 40.5944 10000 10000 10000 17.7544 2.49831 17.5778
bi_informed_rrt_star 479 40.6399 10000 10000 10000 17.7544 2.49831 17.5778
bi_informed_rrt_star 480 40.6495 10000 10000 10000 17.7544 2.49831 17.5778
bi_informed_rrt_star 481 40.6704 10000 10000 10000 17.7544 2.49831 17.5778
bi_informed_rrt_star 482 40.7661 10000 10000 10000 17.7544 2.49831 17.5778
bi_informed_rrt_star 483 40.8354 10000 10000 10000 17.7544 2.49831 17.5778
bi_informed_rrt_star 484 40.9035 10000 10000 10000 17.7544 2.49831 17.5778
bi_informed_rrt_star 485 40.9385 10000 10000 10000 17.7544 2.49831 17.5778
bi_informed_rrt_star 486 40.9968 10000 10000 10000 17.7544 2.49831 17.5778
bi_informed_rrt_star 487 41.0216 10000 10000 10000 17.7544 2.49831 17.5778
bi_informed_rrt_star 488 41.075 10000 10000 10000 17.7544 2.49831 17.5778
bi_informed_rrt_star 489 41.0898 10000 10000 10000 17.7544 2.49831 17.5778
bi_informed_rrt_star 490 41.1308 10000 10000 10000 17.7544 2.49831 17.5778
bi_informed_rrt_star 491 41.1726 10000 10000 10000 17.7544 2.49831 17.5778
bi_informed_rrt_star 492 41.23 10000 10000 10000 17.7544 2.49831 17.5778
bi_informed_rrt_star 493 41.3479 10000 10000 10000 17.7544 2.49831 17.5778
bi_informed_rrt_star 494 41.4883 10000 10000 10000 17.7544 2.49831 17.5778
bi_informed_rrt_star 495 41.5842 10000 10000 10000 17.7544 2.49831 17.5778
bi_informed_rrt_star 496 41.8507 10000 10000 10000 17.7544 2.49831 17.5778
bi_informed_rrt_star 497 41.8928 10000 10000 10000 17.7544 2.49831 17.5778
bi_informed_rrt_star 498 41.9367 10000 10000 10000 17.7544 2.49831 17.5778
bi_informed_rrt_star 499 41.9474 10000 10000 10000 17.7544 2.49831 17.5778
bi_informed_rrt_star 500 42.3139 10000 10000 10000 17.7544 2.49831 17.5778
bi_informed_rrt_star 501 42.3832 10000 10000 10000 17.7544 2.49831 17.5778
bi_informed_rrt_star 502 42.5199 10000 10000 10000 17.7544 2.49831 17.5778
bi_informed_rrt_star 503 42.5526 10000 10000 10000 17.7544 2.49831 17.5778
bi_informed_rrt_star 504 42.6527 10000 10000 10000 17.7544 2.49831 17.5778
bi_informed_rrt_star 505 42.6963 10000 10000 10000 17.7544 2.49831 17.5778
bi_informed_rrt_star 506 42.7803 10000 10000 10000 17.7544 2.49831 17.5778
bi_informed_rrt_star 507 42.7974 10000 10000 10000 17.7544 2.49831 17.5778
bi_informed_rrt_star 508 43.1736 10000 10000 10000 17.7544 2.49831 17.5778
bi_informed_rrt_star 509 43.1891 10000 10000 10000 17.7544 2.49831 17.5778
bi_informed_rrt_star 510 43.3067 10000 10000 10000 17.7544 2.49831 17.5778
bi_informed_rrt_star 511 43.4563 10000 10000 10000 17.7544 2.49831 17.5778
bi_informed_rrt_star 512 43.5723 10000 10000 10000 17.7544 2.49831 17.5778
bi_informed_rrt_star 513 43.5868 10000 10000 10000 17.7544 2.49831 17.5778
bi_informed_rrt_star 514 43.6276 10000 10000 10000 17.7544 2.49831 17.5778
bi_informed_rrt_star 515 43.7792 10000 10000 10000 17.7544 2.49831 17.5778
bi_informed_rrt_star 516 43.9772 10000 10000 10000 17.7544 2.49831 17.5778
bi_informed_rrt_star 517 44.0158 10000 10000 10000 17.7544 2.49831 17.5778
bi_informed_rrt_star 518 44.048 10000 10000 10000 17.7544 2.49831 17.5778
bi_informed_rrt_star 519 44.0803 10000 10000 10000 17.7544 2.49831 17.5778
bi_informed_rrt_star 520 44.1179 10000 10000 10000 17.7544 2.49831 17.5778
bi_informed_rrt_star 521 44.144 10000 10000 10000 17.7544 2.49831 17.5778
bi_informed_rrt_star 522 44.5062 10000 10000 10000 17.7544 2.49831 17.5778
bi_informed_rrt_star 523 44.5228 10000 10000 10000 17.7544 2.49831 17.5778
bi_informed_rrt_star 524 44.5437 10000 10000 10000 17.7544 2.49831 17.5778
bi_informed_rrt_star 525 44.5774 10000 10000 10000 17.7544 2.49831 17.5778
bi_informed_rrt_star 526 44.7462 10000 10000 10000 17.7544 2.49831 17.5778
bi_informed_rrt_star 527 44.7837 10000 10000 10000 17.7544 2.49831 17.5778
bi_informed_rrt_star 528 44.8106 10000 10000 10000 17.7544 2.49831 17.5778
bi_informed_rrt_star 529 44.829 10000 10000 10000 17.7544 2.49831 17.5778
bi_informed_rrt_star 530 44.8639 10000 10000 10000 17.7544 2.49831 17.5778
bi_informed_rrt_star 531 44.9527 10000 10000 10000 17.7544 2.49831 17.5778
bi_informed_rrt_star 532 44.9661 10000 10000 10000 17.7544 2.49831 17.5778
bi_informed_rrt_star 533 45.0367 10000 10000 10000 17.7544 2.49831 17.5778
bi_informed_rrt_star 534 45.0989 10000 10000 10000 17.7544 2.49831 17.5778
bi_informed_rrt_star 535 45.1221 10000 10000 10000 17.7544 2.49831 17.5778
bi_informed_rrt_star 536 45.1653 10000 10000 10000 17.7544 2.49831 17.5778
bi_informed_rrt_star 537 45.2034 10000 10000 10000 17.7544 2.49831 17.5778
bi_informed_rrt_star 538 45.2455 10000 10000 10000 17.7544 2.49831 17.5778
bi_informed_rrt_star 539 45.2731 10000 10000 10000 17.7544 2.49831 17.5778
bi_informed_rrt_star 540 45.3166 10000 10000 10000 17.7544 2.49831 17.5778
bi_informed_rrt_star 541 45.3852 10000 10000 10000 17.7544 2.49831 17.5778
bi_informed_rrt_star 542 45.5996 10000 10000 10000 17.7544 2.49831 17.5778
bi_informed_rrt_star 543 45.6364 10000 10000 10000 17.7544 2.49831 17.5778
bi_informed_rrt_star 544 45.6703 10000 10000 10000 17.7544 2.49831 17.5778
bi_informed_rrt_star 545 45.6974 10000 10000 10000 17.7544 2.49831 17.5778
bi_informed_rrt_star 546 45.7442 10000 10000 10000 17.7544 2.49831 17.5778
bi_informed_rrt_star 547 45.797 10000 10000 10000 17.7544 2.49831 17.5778
bi_informed_rrt_star 548 45.8468 10000 10000 10000 17.7544 2.49831 17.5778
bi_informed_rrt_star 549 45.9301 10000 10000 10000 17.7544 2.49831 17.5778
bi_informed_rrt_star 550 45.9937 10000 10000 10000 17.7544 2.49831 17.5778
bi_informed_rrt_star 551 46.0496 10000 10000 10000 17.7544 2.49831 17.5778
bi_informed_rrt_star 552 46.1019 10000 10000 10000 17.7544 2.49831 17.5778
bi_informed_rrt_star 553 46.1421 10000 10000 10000 17.7544 2.49831 17.5778
bi_informed_rrt_star 554 46.2112 10000 10000 10000 17.7544 2.49831 17.5778
bi_informed_rrt_star 555 46.2496 10000 10000 10000 17.7544 2.49831 17.5778
bi_informed_rrt_star 556 46.3122 10000 10000 10000 17.7544 2.49831 17.5778
bi_informed_rrt_star 557 46.3374 10000 10000 10000 17.7544 2.49831 17.5778
bi_informed_rrt_star 558 46.3519 10000 10000 10000 17.7544 2.49831 17.5778
bi_informed_rrt_star 559 46.5041 10000 10000 10000 17.7544 2.49831 17.5778
bi_informed_rrt_star 560 46.5363 10000 10000 10000 17.7544 2.49831 17.5778
bi_informed_rrt_star 561 46.5497 10000 10000 10000 17.7544 2.49831 17.5778
bi_informed_rrt_star 562 46.6126 10000 10000 10000 17.7544 2.49831 17.5778
bi_informed_rrt_star 563 46.6278 10000 10000 10000 17.7544 2.49831 17.5778
bi_informed_rrt_star 564 46.6372 10000 10000 10000 17.7544 2.49831 17.5778
bi_informed_rrt_star 565 46.6736 10000 10000 10000 17.7544 2.49831 17.5778
bi_informed_rrt_star 566 46.7365 10000 10000 10000 17.7544 2.49831 17.5778
bi_informed_rrt_star 567 47.0996 10000 10000 10000 17.7544 2.49831 17.5778
bi_informed_rrt_star 568 47.1281 10000 10000 10000 17.7544 2.49831 17.5778
bi_informed_rrt_star 569 47.1912 10000 10000 10000 17.7544 2.49831 17.5778
bi_informed_rrt_star 570 47.2065 10000 10000 10000 17.7544 2.49831 17.5778
bi_informed_rrt_star 571 47.2829 10000 10000 10000 17.7544 2.49831 17.5778
bi_informed_rrt_star 572 47.3176 10000 10000 10000 17.7544 2.49831 17.5778
bi_informed_rrt_star 573 47.3668 10000 10000 10000 17.7544 2.49831 17.5778
bi_informed_rrt_star 574 47.4018 10000 10000 10000 17.7544 2.49831 17.5778
bi_informed_rrt_star 575 47.4613 10000 10000 10000 17.7544 2.49831 17.5778
bi_informed_rrt_star 576 47.4999 10000 10000 10000 17.7544 2.49831 17.5778
bi_informed_rrt_star 577 47.5361 10000 10000 10000 17.7544 2.49831 17.5778
bi_informed_rrt_star 578 47.5601 10000 10000 10000 17.7544 2.49831 17.5778
bi_informed_rrt_star 579 47.6204 10000 10000 10000 17.7544 2.49831 17.5778
bi_informed_rrt_star 580 47.6816 10000 10000 10000 17.7544 2.49831 17.5778
bi_informed_rrt_star 581 47.7525 10000 10000 10000 17.7544 2.49831 17.5778
bi_informed_rrt_star 582 47.7816 10000 10000 10000 17.7544 2.49831 17.5778
bi_informed_rrt_star 583 47.8003 10000 10000 10000 17.7544 2.49831 17.5778
bi_informed_rrt_star 584 47.8137 10000 10000 10000 17.7544 2.49831 17.5778
bi_informed_rrt_star 585 47.8879 10000 10000 10000 17.7544 2.49831 17.5778
bi_informed_rrt_star 586 48.2566 10000 10000 10000 17.7544 2.49831 17.5778
bi_informed_rrt_star 587 48.3196 10000 10000 10000 17.7544 2.49831 17.5778
bi_informed_rrt_star 588 48.3512 10000 10000 10000 17.7544 2.49831 17.5778
bi_informed_rrt_star 589 48.4003 10000 10000 10000 17.7544 2.49831 17.5778
bi_informed_rrt_star 590 48.4777 10000 10000 10000 17.7544 2.49831 17.5778
bi_informed_rrt_star 591 48.4968 10000 10000 10000 17.7544 2.49831 17.5778
bi_informed_rrt_star 592 48.5107 10000 10000 10000 17.7544 2.49831 17.5778
bi_informed_rrt_star 593 48.5292 10000 10000 10000 17.7544 2.49831 17.5778
bi_informed_rrt_star 594 48.5423 10000 10000 10000 17.7544 2.49831 17.5778
bi_informed_rrt_star 595 48.6252 10000 10000 10000 17.7544 2.49831 17.5778
bi_informed_rrt_star 596 48.6569 10000 10000 10000 17.7544 2.49831 17.5778
bi_informed_rrt_star 597 48.6921 10000 10000 10000 17.7544 2.49831 17.5778
bi_informed_rrt_star 598 48.7662 10000 10000 10000 17.7544 2.49831 17.5778
bi_informed_rrt_star 599 48.8041 10000 10000 10000 17.7544 2.49831 17.5778
bi_informed_rrt_star 600 48.8175 10000 10000 10000 17.7544 2.49831 17.5778
bi_informed_rrt_star 601 48.8478 10000 10000 10000 17.7544 2.49831 17.5778
bi_informed_rrt_star 602 48.8877 10000 10000 10000 17.7544 2.49831 17.5778
bi_informed_rrt_star 603 48.9371 10000 10000 10000 17.7544 2.49831 17.5778
bi_informed_rrt_star 604 48.9652 10000 10000 10000 17.7544 2.49831 17.5778
bi_informed_rrt_star 605 48.9804 10000 10000 10000 17.7544 2.49831 17.5778
bi_informed_rrt_star 606 49.0251 10000 10000 10000 17.7544 2.49831 17.5778
bi_informed_rrt_star 607 49.0915 10000 10000 10000 17.7544 2.49831 17.5778
bi_informed_rrt_star 608 49.1293 10000 10000 10000 17.7544 2.49831 17.5778
bi_informed_rrt_star 609 49.1662 10000 10000 10000 17.7544 2.49831 17.5778
bi_informed_rrt_star 610 49.1925 10000 10000 10000 17.7544 2.49831 17.5778
bi_informed_rrt_star 611 49.2327 10000 10000 10000 17.7544 2.49831 17.5778
bi_informed_rrt_star 612 49.2758 10000 10000 10000 17.7544 2.49831 17.5778
bi_informed_rrt_star 613 49.3601 10000 10000 10000 17.7544 2.49831 17.5778
bi_informed_rrt_star 614 49.4076 10000 10000 10000 17.7544 2.49831 17.5778
bi_informed_rrt_star 615 49.4893 10000 10000 10000 17.7544 2.49831 17.5778
bi_informed_rrt_star 616 49.5259 10000 10000 10000 17.7544 2.49831 17.5778
bi_informed_rrt_star 617 49.5432 10000 10000 10000 17.7544 2.49831 17.5778
bi_informed_rrt_star 618 49.5836 10000 10000 10000 17.7544 2.49831 17.5778
bi_informed_rrt_star 619 49.6458 10000 10000 10000 17.7544 2.49831 17.5778
bi_informed_rrt_star 620 49.7195 10000 10000 10000 17.7544 2.49831 17.5778
bi_informed_rrt_star 621 49.7551 10000 10000 10000 17.7544 2.49831 17.5778
bi_informed_rrt_star 622 50.5092 10000 10000 10000 17.7544 2.49831 17.5778
bi_informed_rrt_star 623 50.5934 10000 10000 10000 17.7544 2.49831 17.5778
bi_informed_rrt_star 624 50.6389 10000 10000 10000 17.7544 2.49831 17.5778
bi_informed_rrt_star 625 50.6911 10000 10000 10000 17.7544 2.49831 17.5778
bi_informed_rrt_star 626 50.7244 10000 10000 10000 17.7544 2.49831 17.5778
bi_informed_rrt_star 627 50.7638 10000 10000 10000 17.7544 2.49831 17.5778
bi_informed_rrt_star 628 50.7935 10000 10000 10000 17.7544 2.49831 17.5778
bi_informed_rrt_star 629 50.8428 10000 10000 10000 17.7544 2.49831 17.5778
bi_informed_rrt_star 630 50.9168 10000 10000 10000 17.7544 2.49831 17.5778
bi_informed_rrt_star 631 50.9442 10000 10000 10000 17.7544 2.49831 17.5778
bi_informed_rrt_star 632 50.9612 10000 10000 10000 17.7544 2.49831 17.5778
bi_informed_rrt_star 633 50.9937 10000 10000 10000 17.7544 2.49831 17.5778
bi_informed_rrt_star 634 51.0255 10000 10000 10000 17.7544 2.49831 17.5778
bi_informed_rrt_star 635 51.0757 10000 10000 10000 17.7544 2.49831 17.5778
bi_informed_rrt_star 636 51.1472 10000 10000 10000 17.7544 2.49831 17.5778
bi_informed_rrt_star 637 51.3445 10000 10000 10000 17.7544 2.49831 17.5778
bi_informed_rrt_star 638 51.3832 10000 10000 10000 17.7544 2.49831 17.5778
bi_informed_rrt_star 639 51.7579 10000 10000 10000 17.7544 2.49831 17.5778
bi_informed_rrt_star 640 51.789 10000 10000 10000 17.7544 2.49831 17.5778
bi_informed_rrt_star 641 51.8258 10000 10000 10000 17.7544 2.49831 17.5778
bi_informed_rrt_star 642 51.883 10000 10000 10000 17.7544 2.49831 17.5778
bi_informed_rrt_star 643 51.9597 10000 10000 10000 17.7544 2.49831 17.5778
bi_informed_rrt_star 644 51.9863 10000 10000 10000 17.7544 2.49831 17.5778
bi_informed_rrt_star 645 52.0078 10000 10000 10000 17.7544 2.49831 17.5778
bi_informed_rrt_star 646 52.0413 10000 10000 10000 17.7544 2.49831 17.5778
bi_informed_rrt_star 647 52.0959 10000 10000 10000 17.7544 2.49831 17.5778
bi_informed_rrt_star 648 52.1983 10000 10000 10000 17.7544 2.49831 17.5778
bi_informed_rrt_star 649 52.2471 10000 10000 10000 17.7544 2.49831 17.5778
bi_informed_rrt_star 650 52.2572 10000 10000 10000 17.7544 2.49831 17.5778
bi_informed_rrt_star 651 52.2953 10000 10000 10000 17.7544 2.49831 17.5778
bi_informed_rrt_star 652 52.3423 10000 10000 10000 17.7544 2.49831 17.5778
bi_informed_rrt_star 653 52.3838 10000 10000 10000 17.7544 2.49831 17.5778
bi_informed_rrt_star 654 52.4056 10000 10000 10000 17.7544 2.49831 17.5778
bi_informed_rrt_star 655 52.5011 10000 10000 10000 17.7544 2.49831 17.5778
bi_informed_rrt_star 656 52.5314 10000 10000 10000 17.7544 2.49831 17.5778
bi_informed_rrt_star 657 52.5416 10000 10000 10000 17.7544 2.49831 17.5778
bi_informed_rrt_star 658 52.6312 10000 10000 10000 17.7544 2.49831 17.5778
bi_informed_rrt_star 659 52.7972 10000 10000 10000 17.7544 2.49831 17.5778
bi_informed_rrt_star 660 52.8153 10000 10000 10000 17.7544 2.49831 17.5778
bi_informed_rrt_star 661 52.8297 10000 10000 10000 17.7544 2.49831 17.5778
bi_informed_rrt_star 662 52.8953 10000 10000 10000 17.7544 2.49831 17.5778
bi_informed_rrt_star 663 52.9339 10000 10000 10000 17.7544 2.49831 17.5778
bi_informed_rrt_star 664 53.0205 10000 10000 10000 17.7544 2.49831 17.5778
bi_informed_rrt_star 665 53.0411 10000 10000 10000 17.7544 2.49831 17.5778
bi_informed_rrt_star 666 53.0533 10000 10000 10000 17.7544 2.49831 17.5778
bi_informed_rrt_star 667 53.1057 10000 10000 10000 17.7544 2.49831 17.5778
bi_informed_rrt_star 668 53.7463 10000 10000 10000 17.7544 2.49831 17.5778
bi_informed_rrt_star 669 53.8378 10000 10000 10000 17.7544 2.49831 17.5778
bi_informed_rrt_star 670 53.8931 10000 10000 10000 17.7544 2.49831 17.5778
bi_informed_rrt_star 671 53.92 10000 10000 10000 17.7544 2.49831 17.5778
bi_informed_rrt_star 672 54.3015 10000 10000 10000 17.7544 2.49831 17.5778
bi_informed_rrt_star 673 54.4614 10000 10000 10000 17.7544 2.49831 17.5778
bi_informed_rrt_star 674 54.4953 10000 10000 10000 17.7544 2.49831 17.5778
bi_informed_rrt_star 675 54.5345 10000 10000 10000 17.7544 2.49831 17.5778
bi_informed_rrt_star 676 54.9095 10000 10000 10000 17.7544 2.49831 17.5778
bi_informed_rrt_star 677 54.9503 10000 10000 10000 17.7544 2.49831 17.5778
bi_informed_rrt_star 678 54.9827 10000 10000 10000 17.7544 2.49831 17.5778
bi_informed_rrt_star 679 55.0123 10000 10000 10000 17.7544 2.49831 17.5778
bi_informed_rrt_star 680 55.0492 10000 10000 10000 17.7544 2.49831 17.5778
bi_informed_rrt_star 681 55.0784 10000 10000 10000 17.7544 2.49831 17.5778
bi_informed_rrt_star 682 55.1552 10000 10000 10000 17.7544 2.49831 17.5778
bi_informed_rrt_star 683 55.2359 10000 10000 10000 17.7544 2.49831 17.5778
bi_informed_rrt_star 684 55.6289 10000 10000 10000 17.7544 2.49831 17.5778
bi_informed_rrt_star 685 55.6927 10000 10000 10000 17.7544 2.49831 17.5778
bi_informed_rrt_star 686 55.7474 10000 10000 10000 17.7544 2.49831 17.5778
bi_informed_rrt_star 687 55.8005 10000 10000 10000 17.7544 2.49831 17.5778
bi_informed_rrt_star 688 55.8476 10000 10000 10000 17.7544 2.49831 17.5778
bi_informed_rrt_star 689 55.9224 10000 10000 10000 17.7544 2.49831 17.5778
bi_informed_rrt_star 690 56.3555 10000 10000 10000 17.7544 2.49831 17.5778
bi_informed_rrt_star 691 56.409 10000 10000 10000 17.7544 2.49831 17.5778
bi_informed_rrt_star 692 56.4921 10000 10000 10000 17.7544 2.49831 17.5778
bi_informed_rrt_star 693 56.5261 10000 10000 10000 17.7544 2.49831 17.5778
bi_informed_rrt_star 694 56.555 10000 10000 10000 17.7544 2.49831 17.5778
bi_informed_rrt_star 695 56.5911 10000 10000 10000 17.7544 2.49831 17.5778
bi_informed_rrt_star 696 56.6497 10000 10000 10000 17.7544 2.49831 17.5778
bi_informed_rrt_star 697 56.7493 10000 10000 10000 17.7544 2.49831 17.5778
bi_informed_rrt_star 698 56.8301 10000 10000 10000 17.7544 2.49831 17.5778
bi_informed_rrt_star 699 56.8654 10000 10000 10000 17.7544 2.49831 17.5778
bi_informed_rrt_star 700 56.9071 10000 10000 10000 17.7544 2.49831 17.5778
bi_informed_rrt_star 701 56.971 10000 10000 10000 17.7544 2.49831 17.5778
bi_informed_rrt_star 702 57.3203 10000 10000 10000 17.7544 2.49831 17.5778
bi_informed_rrt_star 703 57.3595 10000 10000 10000 17.7544 2.49831 17.5778
bi_informed_rrt_star 704 57.3737 10000 10000 10000 17.7544 2.49831 17.5778
bi_informed_rrt_star 705 57.3881 10000 10000 10000 17.7544 2.49831 17.5778
bi_informed_rrt_star 706 57.6386 10000 10000 10000 17.7544 2.49831 17.5778
bi_informed_rrt_star 707 57.694 10000 10000 10000 17.7544 2.49831 17.5778
bi_informed_rrt_star 708 57.7374 10000 10000 10000 17.7544 2.49831 17.5778
bi_informed_rrt_star 709 58.162 10000 10000 10000 17.7544 2.49831 17.5778
bi_informed_rrt_star 710 58.2157 10000 10000 10000 17.7544 2.49831 17.5778
bi_informed_rrt_star 711 58.2613 10000 10000 10000 17.7544 2.49831 17.5778
bi_informed_rrt_star 712 58.2927 10000 10000 10000 17.7544 2.49831 17.5778
bi_informed_rrt_star 713 58.3383 10000 10000 10000 17.7544 2.49831 17.5778
bi_informed_rrt_star 714 58.3808 10000 10000 10000 17.7544 2.49831 17.5778
bi_informed_rrt_star 715 58.4104 10000 10000 10000 17.7544 2.49831 17.5778
bi_informed_rrt_star 716 58.4398 10000 10000 10000 17.7544 2.49831 17.5778
bi_informed_rrt_star 717 58.4923 10000 10000 10000 17.7544 2.49831 17.5778
bi_informed_rrt_star 718 58.5578 10000 10000 10000 17.7544 2.49831 17.5778
bi_informed_rrt_star 719 58.6582 10000 10000 10000 17.7544 2.49831 17.5778
bi_informed_rrt_star 720 58.7051 10000 10000 10000 17.7544 2.49831 17.5778
bi_informed_rrt_star 721 58.7267 10000 10000 10000 17.7544 2.49831 17.5778
bi_informed_rrt_star 722 58.7651 10000 10000 10000 17.7544 2.49831 17.5778
bi_informed_rrt_star 723 58.802 10000 10000 10000 17.7544 2.49831 17.5778
bi_informed_rrt_star 724 58.8234 10000 10000 10000 17.7544 2.49831 17.5778
bi_informed_rrt_star 725 58.8688 10000 10000 10000 17.7544 2.49831 17.5778
bi_informed_rrt_star 726 58.8983 10000 10000 10000 17.7544 2.49831 17.5778
bi_informed_rrt_star 727 58.9149 10000 10000 10000 17.7544 2.49831 17.5778
bi_informed_rrt_star 728 58.942 10000 10000 10000 17.7544 2.49831 17.5778
bi_informed_rrt_star 729 59.4024 10000 10000 10000 17.7544 2.49831 17.5778
bi_informed_rrt_star 730 59.4278 10000 10000 10000 17.7544 2.49831 17.5778
bi_informed_rrt_star 731 59.4713 10000 10000 10000 17.7544 2.49831 17.5778
bi_informed_rrt_star 732 59.5438 10000 10000 10000 17.7544 2.49831 17.5778
bi_informed_rrt_star 733 59.5902 10000 10000 10000 17.7544 2.49831 17.5778
bi_informed_rrt_star 734 59.6607 10000 10000 10000 17.7544 2.49831 17.5778
bi_informed_rrt_star 735 59.7245 10000 10000 10000 17.7544 2.49831 17.5778
bi_informed_rrt_star 736 59.8022 10000 10000 10000 17.7544 2.49831 17.5778
bi_informed_rrt_star 737 59.849 10000 10000 10000 17.7544 2.49831 17.5778
bi_informed_rrt_star 738 59.8774 10000 10000 10000 17.7544 2.49831 17.5778
bi_informed_rrt_star 739 59.894 10000 10000 10000 17.7544 2.49831 17.5778
bi_informed_rrt_star 740 59.9436 10000 10000 10000 17.7544 2.49831 17.5778
bi_informed_rrt_star 741 60.0228 10000 10000 10000 17.7544 2.49831 17.5778
